0 0.940625 0.2828125 0.11875 0.175
0 0.634375 0.290625 0.103125 0.16875
1 0.034375 0.31796875 0.06875 0.1109375
0 0.67109375 0.359375 0.1109375 0.1625
0 0.77578125 0.39765625 0.0953125 0.1921875
1 0.07109375 0.3984375 0.1140625 0.115625
0 0.2859375 0.41953125 0.159375 0.2109375
0 0.165625 0.43984375 0.10625 0.1640625
0 0.953125 0.465625 0.09375 0.15
0 0.4890625 0.49296875 0.109375 0.1515625
1 0.03046875 0.50859375 0.0609375 0.1546875
0 0.58828125 0.55703125 0.0953125 0.1859375
1 0.121875 0.56328125 0.109375 0.1671875
0 0.80234375 0.61171875 0.1390625 0.1421875
0 0.68125 0.63515625 0.1125 0.1890625
0 0.7421875 0.7375 0.125 0.121875
1 0.61640625 0.80078125 0.1203125 0.1171875
0 0.6734375 0.92421875 0.121875 0.1515625
0 0.84296875 0.9515625 0.1078125 0.096875
