1 0.1640625 0.140625 0.121875 0.13125
0 0.80703125 0.15625 0.0859375 0.13125
1 0.0359375 0.209375 0.071875 0.10625
0 0.609375 0.21796875 0.075 0.1234375
1 0.68515625 0.2328125 0.1015625 0.109375
1 0.4078125 0.23359375 0.071875 0.1015625
1 0.77578125 0.28515625 0.0703125 0.1234375
5 0.028125 0.30078125 0.05625 0.1109375
1 0.07421875 0.30625 0.0578125 0.084375
-1 0.87109375 0.309375 0.0859375 0.103125
1 0.2640625 0.31796875 0.090625 0.1453125
1 0.14375 0.32265625 0.071875 0.0859375
1 0.7203125 0.321875 0.078125 0.090625
1 0.8296875 0.0359375 0.090625 0.071875
1 0.0359375 0.38828125 0.059375 0.0828125
1 0.1921875 0.40859375 0.071875 0.1140625
0 0.80078125 0.4140625 0.1015625 0.14375
1 0.11484375 0.41875 0.0765625 0.1125
1 0.26640625 0.4359375 0.0890625 0.096875
1 0.48515625 0.50234375 0.0953125 0.1421875
5 0.03828125 0.50390625 0.0765625 0.1203125
1 0.20703125 0.509375 0.0953125 0.0875
1 0.128125 0.5171875 0.075 0.090625
1 0.38203125 0.52578125 0.0890625 0.1109375
1 0.6 0.53125 0.121875 0.134375
1 0.0875 0.05390625 0.096875 0.1078125
1 0.1046875 0.59765625 0.10625 0.0828125
1 0.609375 0.0625 0.10625 0.115625
1 0.82265625 0.61328125 0.0953125 0.0921875
1 0.46875 0.640625 0.071875 0.08125
1 0.7390625 0.67109375 0.0875 0.1109375
1 0.6078125 0.69296875 0.1125 0.1515625
1 0.33359375 0.71328125 0.0828125 0.0921875
1 0.4265625 0.73203125 0.10625 0.1265625
1 0.85 0.73984375 0.109375 0.1140625
1 0.071875 0.8046875 0.084375 0.1125
-1 0.6671875 0.8296875 0.09375 0.11875
1 0.04375 0.909375 0.0875 0.121875
1 0.4 0.10234375 0.10625 0.1578125
1 0.8921875 0.10859375 0.09375 0.0828125
1 0.06640625 0.1203125 0.0953125 0.09375
1 0.71796875 0.1203125 0.0734375 0.109375
1 0.96875 0.11953125 0.0625 0.1609375
