0 0.61875 0.17109375 0.090625 0.1859375
0 0.02421875 0.18203125 0.0484375 0.1578125
1 0.2046875 0.1953125 0.096875 0.115625
0 0.8109375 0.02421875 0.071875 0.0484375
0 0.8828125 0.27890625 0.103125 0.1546875
0 0.44765625 0.3265625 0.1421875 0.140625
0 0.95 0.33359375 0.090625 0.1328125
0 0.3046875 0.34375 0.115625 0.128125
3 0.59140625 0.42890625 0.1078125 0.2015625
0 0.70390625 0.4359375 0.1171875 0.146875
0 0.096875 0.4546875 0.190625 0.2125
0 0.428125 0.47421875 0.11875 0.1390625
0 0.29375 0.475 0.140625 0.140625
0 0.56171875 0.06015625 0.0859375 0.0921875
0 0.415625 0.60859375 0.096875 0.1265625
0 0.315625 0.61171875 0.09375 0.1296875
3 0.6953125 0.61328125 0.19375 0.1453125
0 0.1765625 0.625 0.103125 0.146875
0 0.859375 0.65546875 0.15 0.2234375
0 0.1578125 0.74140625 0.1125 0.0953125
0 0.33359375 0.759375 0.0796875 0.15
3 0.49296875 0.80078125 0.1796875 0.1546875
5 0.7296875 0.8078125 0.096875 0.153125
0 0.05390625 0.86953125 0.1078125 0.1890625
0 0.1859375 0.87109375 0.11875 0.1578125
0 0.3953125 0.8859375 0.09375 0.1125
3 0.62734375 0.90703125 0.1140625 0.1796875
0 0.478125 0.96171875 0.10625 0.0765625
0 0.10234375 0.11796875 0.0734375 0.1390625
