1 0.43203125 0.1546875 0.1203125 0.140625
0 0.2046875 0.18125 0.10625 0.121875
1 0.76796875 0.2 0.1515625 0.13125
1 0.603125 0.2109375 0.103125 0.134375
1 0.675 0.43515625 0.10625 0.1296875
1 0.178125 0.47265625 0.16875 0.1328125
0 0.3171875 0.6671875 0.090625 0.09375
0 0.746875 0.69375 0.084375 0.109375
0 0.68125 0.7203125 0.096875 0.146875
0 0.884375 0.7296875 0.184375 0.20625
0 0.26015625 0.74765625 0.0703125 0.1046875
0 0.04609375 0.759375 0.0921875 0.140625
0 0.134375 0.7671875 0.078125 0.0875
