0 0.1515625 0.134375 0.140625 0.14375
0 0.64765625 0.19140625 0.1015625 0.0953125
0 0.38046875 0.2140625 0.1328125 0.1375
0 0.2703125 0.33671875 0.109375 0.1921875
0 0.7203125 0.35390625 0.109375 0.1828125
4 0.50859375 0.38046875 0.0953125 0.1078125
0 0.90859375 0.4359375 0.1796875 0.140625
0 0.42734375 0.52890625 0.1046875 0.1421875
0 0.2984375 0.0546875 0.1375 0.103125
3 0.65546875 0.65234375 0.1984375 0.1234375
0 0.22265625 0.6703125 0.1296875 0.15
0 0.35859375 0.68671875 0.1171875 0.1640625
3 0.67109375 0.77421875 0.2078125 0.1578125
0 0.29375 0.85546875 0.109375 0.1828125
1 0.403125 0.93203125 0.071875 0.0921875
3 0.8484375 0.95546875 0.146875 0.0890625
