0 0.3546875 0.18125 0.153125 0.146875
0 0.5640625 0.24453125 0.1125 0.1703125
0 0.46640625 0.33671875 0.1109375 0.1578125
0 0.38125 0.41015625 0.128125 0.1984375
0 0.64609375 0.496875 0.0890625 0.115625
0 0.475 0.571875 0.115625 0.13125
0 0.5890625 0.66015625 0.10625 0.1234375
0 0.4 0.06875 0.134375 0.128125
0 0.26171875 0.7484375 0.1734375 0.196875
0 0.6703125 0.76015625 0.1125 0.1234375
0 0.396875 0.78203125 0.103125 0.1734375
2 0.584375 0.85390625 0.10625 0.1171875
0 0.7640625 0.8609375 0.140625 0.134375
0 0.23828125 0.93515625 0.1109375 0.1265625
0 0.48984375 0.103125 0.0828125 0.128125
