0 0.60625 0.23046875 0.096875 0.1578125
0 0.93671875 0.246875 0.1265625 0.13125
0 0.70625 0.2671875 0.109375 0.15
0 0.49453125 0.2734375 0.1109375 0.15
0 0.29609375 0.28671875 0.1484375 0.1921875
0 0.81484375 0.28671875 0.1015625 0.1609375
0 0.95390625 0.3375 0.0921875 0.153125
0 0.3921875 0.38046875 0.1 0.1359375
0 0.72265625 0.38984375 0.0765625 0.1421875
0 0.23671875 0.41328125 0.1046875 0.1484375
0 0.540625 0.41953125 0.115625 0.1421875
0 0.65390625 0.4515625 0.1171875 0.15625
0 0.81328125 0.4546875 0.1265625 0.13125
0 0.52265625 0.490625 0.1046875 0.1375
0 0.0828125 0.50390625 0.15 0.2328125
0 0.18828125 0.5046875 0.0703125 0.1625
0 0.94375 0.5375 0.109375 0.221875
0 0.66640625 0.571875 0.1484375 0.125
0 0.43125 0.5796875 0.09375 0.159375
0 0.325 0.58671875 0.096875 0.1578125
0 0.528125 0.60390625 0.1 0.1171875
0 0.63984375 0.646875 0.0953125 0.1375
0 0.8203125 0.64765625 0.11875 0.1296875
0 0.23671875 0.68125 0.1203125 0.15
0 0.10078125 0.6890625 0.1203125 0.15
0 0.790625 0.7609375 0.125 0.13125
0 0.590625 0.77578125 0.125 0.1640625
0 0.0375 0.775 0.075 0.146875
0 0.48125 0.7875 0.121875 0.196875
0 0.6484375 0.8296875 0.109375 0.13125
0 0.0796875 0.89296875 0.128125 0.1546875
0 0.440625 0.94375 0.134375 0.1125
0 0.9328125 0.12734375 0.134375 0.1171875
