1 0.08515625 0.2171875 0.0828125 0.090625
1 0.3109375 0.28125 0.084375 0.0875
1 0.48359375 0.28203125 0.0828125 0.1078125
0 0.8546875 0.30625 0.15625 0.159375
1 0.09296875 0.34609375 0.0828125 0.1046875
1 0.26015625 0.35390625 0.0703125 0.1078125
1 0.3171875 0.35703125 0.065625 0.0765625
0 0.62734375 0.36171875 0.1140625 0.1890625
1 0.378125 0.36171875 0.059375 0.0921875
1 0.32578125 0.42578125 0.0796875 0.0796875
1 0.765625 0.47890625 0.08125 0.1171875
1 0.3421875 0.48984375 0.090625 0.0765625
0 0.8953125 0.51328125 0.146875 0.1984375
1 0.34375 0.58046875 0.084375 0.1109375
1 0.20546875 0.64296875 0.0734375 0.0984375
1 0.5546875 0.66328125 0.1 0.1234375
0 0.45703125 0.7203125 0.1140625 0.15625
0 0.38671875 0.81484375 0.1234375 0.1390625
1 0.9859375 0.90859375 0.028125 0.1015625
1 0.04140625 0.9578125 0.0828125 0.084375
