0 0.365625 0.15234375 0.078125 0.1546875
0 0.61328125 0.1640625 0.0703125 0.134375
0 0.659375 0.165625 0.090625 0.15
0 0.1265625 0.1984375 0.103125 0.1125
0 0.284375 0.2171875 0.096875 0.1625
0 0.2546875 0.02265625 0.09375 0.0453125
0 0.83671875 0.22109375 0.0953125 0.1359375
0 0.92890625 0.278125 0.0921875 0.125
0 0.43671875 0.28359375 0.0984375 0.1140625
0 0.75390625 0.28984375 0.0921875 0.1515625
0 0.2296875 0.31015625 0.096875 0.0953125
0 0.70078125 0.32890625 0.0796875 0.1390625
0 0.60703125 0.3421875 0.0828125 0.140625
0 0.1671875 0.3828125 0.075 0.1625
0 0.39921875 0.39296875 0.1015625 0.1796875
0 0.09453125 0.41171875 0.0890625 0.1140625
0 0.278125 0.44140625 0.0875 0.1109375
0 0.6609375 0.4953125 0.0875 0.128125
0 0.5296875 0.50390625 0.0875 0.1640625
0 0.13046875 0.5328125 0.0859375 0.15
0 0.87734375 0.53828125 0.0984375 0.1390625
0 0.20703125 0.54140625 0.0734375 0.1484375
0 0.30234375 0.55 0.1015625 0.11875
0 0.71015625 0.58046875 0.0796875 0.1328125
0 0.1953125 0.059375 0.096875 0.1125
0 0.79765625 0.59140625 0.0640625 0.1359375
0 0.5890625 0.5953125 0.0875 0.134375
0 0.03359375 0.62109375 0.0671875 0.1421875
0 0.36953125 0.63125 0.0828125 0.13125
0 0.23359375 0.68671875 0.1046875 0.1484375
0 0.44375 0.6890625 0.103125 0.15625
0 0.1125 0.69296875 0.09375 0.1515625
0 0.3125 0.7203125 0.065625 0.165625
0 0.02421875 0.74296875 0.0484375 0.1515625
0 0.70390625 0.74453125 0.1265625 0.1234375
0 0.3765625 0.76015625 0.1 0.1484375
0 0.128125 0.07890625 0.09375 0.1328125
0 0.5125 0.78671875 0.10625 0.1109375
0 0.621875 0.82421875 0.09375 0.1296875
0 0.13828125 0.85234375 0.1015625 0.1171875
0 0.50546875 0.87109375 0.0953125 0.1546875
0 0.5390625 0.925 0.103125 0.128125
0 0.46171875 0.1078125 0.0984375 0.14375
