0 0.553125 0.178125 0.10625 0.096875
0 0.75234375 0.178125 0.0828125 0.084375
0 0.87890625 0.209375 0.0890625 0.1625
0 0.6328125 0.2390625 0.08125 0.11875
0 0.78828125 0.2515625 0.0671875 0.075
0 0.728125 0.296875 0.08125 0.159375
0 0.54375 0.30625 0.121875 0.075
0 0.59453125 0.353125 0.0828125 0.084375
0 0.48828125 0.38203125 0.0859375 0.1078125
0 0.72421875 0.384375 0.0859375 0.10625
0 0.41796875 0.4296875 0.0703125 0.084375
0 0.2421875 0.43203125 0.09375 0.1671875
0 0.60703125 0.459375 0.1046875 0.13125
1 0.37109375 0.503125 0.0859375 0.096875
0 0.70390625 0.50859375 0.0859375 0.1046875
0 0.5109375 0.509375 0.096875 0.134375
0 0.45703125 0.578125 0.0765625 0.084375
1 0.3765625 0.5859375 0.08125 0.0875
0 0.46796875 0.62890625 0.0984375 0.0921875
0 0.61171875 0.659375 0.1328125 0.165625
0 0.49375 0.66640625 0.0875 0.1015625
0 0.94921875 0.76484375 0.1015625 0.1859375
1 0.7609375 0.7984375 0.115625 0.1
0 0.87421875 0.82890625 0.0859375 0.1046875
0 0.47421875 0.834375 0.0890625 0.1625
0 0.3484375 0.859375 0.125 0.165625
0 0.66171875 0.928125 0.0859375 0.10625
0 0.928125 0.95 0.134375 0.1
0 0.471875 0.1078125 0.134375 0.115625
