0 0.1984375 0.1703125 0.09375 0.140625
0 0.75859375 0.2328125 0.1484375 0.203125
0 0.48125 0.29453125 0.096875 0.1203125
0 0.04609375 0.3 0.0921875 0.140625
0 0.2890625 0.30703125 0.115625 0.1640625
0 0.190625 0.31875 0.09375 0.140625
0 0.36796875 0.3859375 0.1015625 0.159375
0 0.5390625 0.403125 0.115625 0.128125
0 0.75 0.4453125 0.09375 0.140625
0 0.9140625 0.4515625 0.09375 0.140625
0 0.6578125 0.51796875 0.09375 0.1546875
0 0.440625 0.5203125 0.09375 0.140625
0 0.11640625 0.56875 0.0921875 0.2
0 0.296875 0.5703125 0.153125 0.2
0 0.94140625 0.6234375 0.1171875 0.146875
0 0.78359375 0.63984375 0.1109375 0.1203125
0 0.08671875 0.06875 0.1078125 0.1375
0 0.78671875 0.7421875 0.1015625 0.11875
0 0.91484375 0.88046875 0.1203125 0.1703125
