3 0.8125 0.2328125 0.290625 0.1375
3 0.30078125 0.23515625 0.2421875 0.1359375
0 0.1 0.23671875 0.196875 0.1171875
3 0.86328125 0.29609375 0.2046875 0.1015625
0 0.90625 0.4 0.071875 0.1
3 0.30625 0.4234375 0.190625 0.13125
1 0.76796875 0.4234375 0.0796875 0.103125
1 0.79609375 0.04609375 0.0984375 0.0921875
3 0.3421875 0.50546875 0.140625 0.1421875
0 0.64921875 0.53515625 0.1578125 0.2203125
3 0.8765625 0.55 0.203125 0.175
0 0.58359375 0.56015625 0.1046875 0.1296875
0 0.4515625 0.62265625 0.0625 0.1234375
3 0.34375 0.62421875 0.146875 0.1265625
4 0.16953125 0.6640625 0.1671875 0.165625
0 0.365625 0.73671875 0.090625 0.1109375
0 0.56796875 0.7546875 0.0796875 0.1375
0 0.46875 0.75625 0.1 0.134375
0 0.62734375 0.8078125 0.1015625 0.15
0 0.88125 0.80859375 0.0875 0.1046875
1 0.80859375 0.82265625 0.0671875 0.0796875
0 0.4890625 0.88359375 0.1375 0.1421875
0 0.7703125 0.89375 0.09375 0.0875
1 0.8453125 0.09375 0.121875 0.078125
