0 0.07578125 0.19140625 0.1515625 0.1109375
0 0.2078125 0.2046875 0.09375 0.15
0 0.3609375 0.20546875 0.14375 0.1890625
0 0.4921875 0.21796875 0.096875 0.1203125
0 0.04375 0.41796875 0.0875 0.1796875
0 0.96015625 0.44453125 0.0703125 0.2484375
0 0.21328125 0.4453125 0.0765625 0.125
0 0.43828125 0.490625 0.0953125 0.153125
0 0.17578125 0.57578125 0.0921875 0.0984375
0 0.1109375 0.0625 0.11875 0.11875
0 0.30859375 0.66171875 0.0953125 0.0953125
0 0.4078125 0.67421875 0.1125 0.1109375
0 0.09609375 0.7328125 0.1578125 0.2
0 0.3359375 0.77734375 0.11875 0.0765625
0 0.87578125 0.8328125 0.1109375 0.18125
0 0.271875 0.0859375 0.078125 0.128125
0 0.375 0.903125 0.096875 0.15
