0 0.18359375 0.1484375 0.1171875 0.175
0 0.915625 0.1796875 0.128125 0.20625
0 0.49296875 0.23828125 0.1109375 0.1671875
0 0.6828125 0.30234375 0.128125 0.2046875
0 0.48203125 0.39296875 0.1609375 0.1421875
0 0.76875 0.475 0.153125 0.1625
0 0.27421875 0.5296875 0.1078125 0.153125
0 0.4125 0.58359375 0.128125 0.2046875
0 0.18046875 0.66015625 0.1390625 0.1546875
0 0.5609375 0.7046875 0.153125 0.1625
0 0.35390625 0.7421875 0.1265625 0.16875
0 0.70078125 0.8 0.1171875 0.11875
0 0.5796875 0.9015625 0.153125 0.1625
