1 0.06796875 0.13828125 0.0890625 0.0953125
2 0.73046875 0.1484375 0.1609375 0.146875
1 0.56328125 0.15078125 0.1203125 0.1171875
2 0.97421875 0.1734375 0.0515625 0.13125
1 0.3609375 0.184375 0.09375 0.1
5 0.8328125 0.196875 0.09375 0.1
1 0.13203125 0.20546875 0.0640625 0.0890625
2 0.234375 0.209375 0.125 0.15
1 0.0390625 0.23359375 0.078125 0.1109375
1 0.65703125 0.259375 0.0734375 0.1
2 0.196875 0.2796875 0.11875 0.128125
1 0.346875 0.29921875 0.09375 0.1171875
1 0.559375 0.30703125 0.090625 0.1359375
2 0.07265625 0.3265625 0.1109375 0.125
5 0.7453125 0.34140625 0.09375 0.0984375
1 0.4625 0.03671875 0.0875 0.0734375
2 0.5203125 0.36640625 0.090625 0.1640625
2 0.43125 0.375 0.1 0.13125
2 0.6140625 0.0375 0.1 0.075
1 0.65625 0.38203125 0.0875 0.1328125
1 0.0359375 0.04296875 0.071875 0.0859375
5 0.10234375 0.4421875 0.0859375 0.115625
1 0.71875 0.0453125 0.1375 0.090625
1 0.77890625 0.44375 0.1078125 0.11875
2 0.16875 0.4671875 0.10625 0.1875
2 0.278125 0.48359375 0.140625 0.1671875
2 0.721875 0.4875 0.1 0.1125
2 0.63671875 0.49140625 0.1171875 0.1234375
2 0.9703125 0.5390625 0.059375 0.171875
2 0.5984375 0.5546875 0.1 0.1125
2 0.83125 0.0609375 0.103125 0.096875
1 0.30625 0.6015625 0.096875 0.0875
2 0.45078125 0.64453125 0.1015625 0.1734375
2 0.7515625 0.6453125 0.109375 0.134375
2 0.66015625 0.64765625 0.0921875 0.1078125
1 0.2546875 0.6546875 0.11875 0.15
2 0.07890625 0.684375 0.1578125 0.2125
1 0.53671875 0.7171875 0.1078125 0.109375
2 0.3734375 0.75234375 0.09375 0.0984375
1 0.684375 0.78671875 0.109375 0.1671875
1 0.13046875 0.82890625 0.0921875 0.1328125
1 0.85546875 0.83828125 0.0953125 0.1515625
1 0.5515625 0.84921875 0.1 0.1078125
1 0.27734375 0.08828125 0.0921875 0.0984375
2 0.46015625 0.8734375 0.1171875 0.146875
1 0.19140625 0.8734375 0.1015625 0.103125
2 0.33671875 0.91015625 0.1484375 0.1796875
1 0.9015625 0.95703125 0.1375 0.0859375
2 0.54296875 0.96328125 0.1421875 0.0734375
