0 0.715625 0.1375 0.109375 0.1125
0 0.94921875 0.1546875 0.1015625 0.13125
0 0.80703125 0.209375 0.1046875 0.14375
0 0.3796875 0.23046875 0.071875 0.1703125
0 0.46796875 0.2328125 0.0703125 0.146875
0 0.5234375 0.2609375 0.11875 0.14375
0 0.615625 0.2640625 0.121875 0.1125
3 0.2890625 0.29609375 0.146875 0.1890625
0 0.68125 0.31953125 0.090625 0.1109375
0 0.90546875 0.321875 0.1078125 0.165625
0 0.56796875 0.34609375 0.1109375 0.1203125
3 0.21640625 0.3515625 0.1140625 0.190625
0 0.4296875 0.3734375 0.084375 0.1
0 0.9640625 0.37734375 0.071875 0.1578125
0 0.13125 0.384375 0.10625 0.146875
0 0.3796875 0.40078125 0.071875 0.1484375
0 0.2890625 0.4234375 0.078125 0.125
0 0.62109375 0.4390625 0.1203125 0.11875
0 0.50859375 0.50859375 0.1171875 0.1171875
0 0.753125 0.61875 0.11875 0.134375
0 0.3734375 0.6421875 0.128125 0.11875
0 0.4640625 0.0671875 0.11875 0.134375
0 0.209375 0.66875 0.140625 0.178125
0 0.8828125 0.69921875 0.228125 0.2328125
0 0.29609375 0.7484375 0.1203125 0.115625
3 0.24453125 0.08828125 0.1703125 0.1578125
0 0.171875 0.909375 0.178125 0.18125
3 0.31171875 0.12109375 0.1078125 0.1046875
