1 0.48125 0.19296875 0.13125 0.1484375
1 0.634375 0.19453125 0.096875 0.1390625
1 0.7375 0.19453125 0.121875 0.1140625
1 0.9171875 0.196875 0.090625 0.15625
1 0.2421875 0.2015625 0.175 0.10625
1 0.96015625 0.2984375 0.0796875 0.16875
1 0.3921875 0.29921875 0.121875 0.1140625
1 0.74375 0.30703125 0.11875 0.1484375
1 0.50703125 0.346875 0.1484375 0.203125
1 0.29453125 0.3671875 0.1046875 0.134375
1 0.03203125 0.38125 0.0640625 0.1375
1 0.6671875 0.41328125 0.078125 0.0828125
1 0.80625 0.415625 0.11875 0.13125
1 0.409375 0.42890625 0.103125 0.1390625
1 0.9390625 0.0453125 0.121875 0.090625
1 0.58828125 0.4796875 0.0953125 0.125
1 0.66484375 0.51015625 0.1109375 0.1171875
1 0.37421875 0.52109375 0.0953125 0.1078125
1 0.11875 0.52578125 0.1 0.1328125
1 0.78359375 0.5578125 0.1015625 0.15
1 0.47421875 0.58359375 0.1078125 0.1359375
1 0.24296875 0.58984375 0.1265625 0.1359375
1 0.059375 0.58984375 0.11875 0.2015625
1 0.55 0.0640625 0.159375 0.128125
1 0.3890625 0.65390625 0.078125 0.1359375
1 0.8609375 0.6578125 0.11875 0.14375
1 0.0421875 0.66328125 0.084375 0.1859375
1 0.50390625 0.68125 0.1015625 0.134375
1 0.5875 0.6921875 0.1125 0.15
1 0.3421875 0.07265625 0.1125 0.1328125
1 0.4328125 0.7484375 0.084375 0.115625
1 0.253125 0.75078125 0.125 0.1109375
1 0.2390625 0.07734375 0.0875 0.1546875
1 0.16015625 0.771875 0.0859375 0.125
1 0.534375 0.775 0.125 0.11875
1 0.9 0.79453125 0.146875 0.0953125
1 0.728125 0.79609375 0.09375 0.1421875
1 0.0875 0.80390625 0.134375 0.1515625
1 0.6484375 0.80859375 0.084375 0.1171875
1 0.2390625 0.85390625 0.1375 0.1171875
1 0.896875 0.88515625 0.15625 0.1578125
1 0.60859375 0.90859375 0.1171875 0.1109375
1 0.13359375 0.09296875 0.1015625 0.1234375
1 0.4453125 0.928125 0.203125 0.14375
1 0.69140625 0.9421875 0.1265625 0.115625
