1 0.26171875 0.1421875 0.0890625 0.078125
1 0.87734375 0.14765625 0.0953125 0.1546875
1 0.43828125 0.16796875 0.0578125 0.0765625
1 0.10859375 0.17890625 0.0859375 0.1265625
1 0.0453125 0.178125 0.075 0.146875
1 0.96640625 0.19375 0.0671875 0.103125
1 0.35859375 0.19765625 0.0796875 0.1234375
1 0.5890625 0.2109375 0.0875 0.1125
1 0.771875 0.21875 0.096875 0.090625
1 0.66328125 0.23828125 0.0671875 0.1171875
1 0.4109375 0.24375 0.078125 0.1
1 0.496875 0.25859375 0.103125 0.1296875
1 0.71015625 0.2953125 0.0890625 0.121875
1 0.24453125 0.2984375 0.0859375 0.175
1 0.85078125 0.30234375 0.1046875 0.1265625
1 0.34453125 0.303125 0.1171875 0.090625
1 0.9328125 0.340625 0.10625 0.15625
1 0.53359375 0.35 0.0796875 0.10625
1 0.771875 0.3625 0.0875 0.090625
1 0.45390625 0.36640625 0.0765625 0.1078125
1 0.36796875 0.37109375 0.0859375 0.1078125
1 0.6109375 0.3734375 0.096875 0.121875
1 0.87421875 0.0390625 0.0890625 0.078125
1 0.134375 0.0421875 0.09375 0.084375
1 0.521875 0.0421875 0.084375 0.084375
1 0.20234375 0.42890625 0.0859375 0.1109375
1 0.35703125 0.04453125 0.0984375 0.0890625
1 0.84375 0.44609375 0.090625 0.1328125
1 0.72421875 0.44765625 0.1015625 0.1015625
1 0.21015625 0.0453125 0.0640625 0.0875
1 0.059375 0.48046875 0.090625 0.1046875
1 0.4765625 0.48984375 0.103125 0.1234375
1 0.3171875 0.503125 0.109375 0.146875
1 0.61640625 0.50703125 0.0890625 0.1390625
1 0.93984375 0.509375 0.1046875 0.1375
1 0.378125 0.5171875 0.06875 0.1125
1 0.24140625 0.5203125 0.0859375 0.134375
1 0.79765625 0.5359375 0.1203125 0.071875
1 0.15625 0.5515625 0.134375 0.125
1 0.5484375 0.58828125 0.1125 0.1265625
1 0.72421875 0.59921875 0.1140625 0.1203125
1 0.8734375 0.603125 0.09375 0.13125
1 0.41484375 0.609375 0.1015625 0.16875
1 0.1078125 0.64296875 0.096875 0.1171875
1 0.22109375 0.66015625 0.1203125 0.1390625
1 0.44375 0.06796875 0.1 0.1328125
1 0.0640625 0.071875 0.078125 0.115625
1 0.2765625 0.72734375 0.115625 0.1578125
1 0.48828125 0.7375 0.0953125 0.153125
1 0.2625 0.075 0.08125 0.084375
1 0.9125 0.784375 0.096875 0.140625
1 0.03125 0.803125 0.0625 0.146875
1 0.13515625 0.8046875 0.0828125 0.1125
1 0.9671875 0.0859375 0.065625 0.1625
1 0.8125 0.08828125 0.08125 0.1234375
1 0.37890625 0.88125 0.1078125 0.15625
1 0.24296875 0.88203125 0.1234375 0.1578125
1 0.128125 0.8859375 0.071875 0.103125
1 0.053125 0.90390625 0.09375 0.1578125
1 0.8421875 0.9078125 0.1125 0.1375
1 0.66328125 0.09453125 0.0921875 0.1015625
1 0.32734375 0.09765625 0.0984375 0.1015625
1 0.125 0.97734375 0.09375 0.0453125
1 0.73984375 0.10546875 0.0984375 0.1421875
1 0.14140625 0.1265625 0.0578125 0.121875
1 0.55625 0.12734375 0.103125 0.0828125
