0 0.33984375 0.2296875 0.0796875 0.084375
0 0.53828125 0.2328125 0.0890625 0.15625
0 0.64296875 0.2578125 0.1453125 0.3
0 0.21953125 0.27578125 0.1609375 0.1453125
0 0.46015625 0.32734375 0.0921875 0.1265625
0 0.0828125 0.4 0.115625 0.115625
0 0.3328125 0.44453125 0.096875 0.1265625
0 0.23828125 0.4515625 0.0796875 0.15
0 0.68828125 0.4734375 0.1015625 0.096875
0 0.1375 0.50078125 0.096875 0.1046875
0 0.86015625 0.540625 0.1578125 0.215625
0 0.51953125 0.56328125 0.1484375 0.1890625
0 0.68359375 0.5734375 0.1015625 0.096875
0 0.21171875 0.5796875 0.0984375 0.1
0 0.375 0.584375 0.10625 0.115625
0 0.4859375 0.6359375 0.140625 0.140625
0 0.2703125 0.6390625 0.103125 0.08125
0 0.31875 0.696875 0.109375 0.1
0 0.11015625 0.70546875 0.0828125 0.1421875
0 0.4875 0.75625 0.096875 0.128125
0 0.1671875 0.0765625 0.14375 0.153125
0 0.41484375 0.7703125 0.0484375 0.096875
0 0.6890625 0.78671875 0.146875 0.2265625
1 0.21953125 0.803125 0.0953125 0.13125
0 0.27734375 0.83515625 0.0953125 0.1328125
0 0.1125 0.8609375 0.090625 0.1125
0 0.559375 0.86171875 0.1 0.1703125
0 0.37578125 0.8890625 0.0734375 0.121875
0 0.46796875 0.94375 0.0859375 0.109375
0 0.16328125 0.94453125 0.0640625 0.1078125
0 0.32578125 0.946875 0.0828125 0.103125
0 0.60234375 0.965625 0.0984375 0.06875
