1 0.71171875 0.1875 0.2109375 0.19375
1 0.29375 0.34375 0.115625 0.21875
0 0.7359375 0.35078125 0.121875 0.1765625
0 0.52578125 0.35390625 0.1078125 0.2265625
1 0.40390625 0.4921875 0.1578125 0.303125
0 0.58046875 0.50234375 0.1265625 0.1234375
4 0.72578125 0.6703125 0.1703125 0.15
1 0.46796875 0.725 0.1265625 0.23125
1 0.321875 0.82421875 0.175 0.2015625
7 0.11328125 0.865625 0.2265625 0.26875
1 0.253125 0.93046875 0.084375 0.1203125
0 0.49375 0.9453125 0.171875 0.109375
0 0.34453125 0.95390625 0.0859375 0.0921875
