0 0.5015625 0.15 0.125 0.159375
0 0.075 0.18984375 0.15 0.1546875
0 0.315625 0.24609375 0.134375 0.1546875
0 0.56484375 0.2953125 0.1046875 0.134375
0 0.65234375 0.3796875 0.1296875 0.159375
0 0.7640625 0.39296875 0.096875 0.1234375
0 0.853125 0.42890625 0.115625 0.1671875
1 0.4890625 0.4328125 0.071875 0.075
1 0.45625 0.50703125 0.08125 0.1015625
1 0.0328125 0.05390625 0.065625 0.1078125
0 0.728125 0.54140625 0.23125 0.1671875
0 0.9203125 0.58046875 0.1125 0.1453125
0 0.36796875 0.6328125 0.1265625 0.178125
0 0.4953125 0.6578125 0.1125 0.103125
1 0.78359375 0.68125 0.0859375 0.096875
0 0.90625 0.734375 0.140625 0.178125
0 0.65859375 0.76953125 0.1203125 0.1484375
1 0.76484375 0.78984375 0.0890625 0.1265625
0 0.7109375 0.89453125 0.103125 0.1421875
0 0.28359375 0.896875 0.1390625 0.203125
0 0.29765625 0.0921875 0.1234375 0.125
