1 0.02421875 0.1765625 0.0484375 0.140625
0 0.2734375 0.26796875 0.096875 0.1265625
0 0.16015625 0.37265625 0.1828125 0.1671875
5 0.65 0.484375 0.125 0.175
0 0.45859375 0.50546875 0.1421875 0.1453125
4 0.84921875 0.50703125 0.1953125 0.2171875
0 0.23671875 0.5546875 0.2078125 0.13125
1 0.0921875 0.60546875 0.0625 0.0921875
1 0.03046875 0.64296875 0.0609375 0.1046875
1 0.0984375 0.6890625 0.071875 0.075
0 0.46171875 0.69921875 0.1734375 0.1265625
0 0.63203125 0.7640625 0.1109375 0.13125
4 0.45390625 0.85546875 0.1296875 0.1859375
4 0.68671875 0.89296875 0.1171875 0.1578125
