0 0.27578125 0.13046875 0.0953125 0.1109375
0 0.55234375 0.1390625 0.1109375 0.115625
0 0.37421875 0.1578125 0.0890625 0.14375
0 0.34765625 0.0234375 0.1171875 0.046875
0 0.590625 0.29296875 0.13125 0.1796875
0 0.67734375 0.35078125 0.1265625 0.1265625
8 0.95078125 0.3765625 0.0921875 0.134375
0 0.475 0.428125 0.08125 0.15625
0 0.55625 0.4390625 0.0875 0.128125
4 0.3328125 0.48671875 0.121875 0.1609375
4 0.2328125 0.59140625 0.1375 0.1734375
0 0.025 0.59453125 0.05 0.1109375
0 0.27890625 0.0609375 0.0953125 0.11875
8 0.8890625 0.6125 0.0625 0.103125
0 0.11640625 0.665625 0.0796875 0.103125
0 0.47734375 0.07109375 0.0859375 0.1109375
0 0.43046875 0.7140625 0.1640625 0.171875
8 0.95234375 0.78046875 0.0671875 0.1015625
8 0.85234375 0.78125 0.0640625 0.103125
4 0.09296875 0.9109375 0.1234375 0.14375
0 0.79375 0.92109375 0.109375 0.1578125
3 0.0953125 0.10390625 0.1375 0.1734375
0 0.4265625 0.121875 0.09375 0.1375
