0 0.5515625 0.13046875 0.109375 0.0984375
0 0.27890625 0.178125 0.1140625 0.134375
0 0.62734375 0.2046875 0.1546875 0.1
0 0.428125 0.2078125 0.090625 0.15
0 0.0859375 0.29921875 0.159375 0.1578125
0 0.3234375 0.30703125 0.09375 0.1296875
0 0.4265625 0.3859375 0.084375 0.140625
0 0.2140625 0.4125 0.109375 0.16875
0 0.63203125 0.42734375 0.1390625 0.1234375
0 0.3328125 0.4515625 0.096875 0.134375
0 0.73125 0.5328125 0.103125 0.0875
0 0.5953125 0.584375 0.134375 0.178125
0 0.76328125 0.653125 0.0890625 0.115625
0 0.15 0.69140625 0.1125 0.1359375
0 0.56640625 0.721875 0.1015625 0.128125
0 0.7203125 0.725 0.078125 0.134375
0 0.26640625 0.809375 0.1015625 0.109375
0 0.1640625 0.91484375 0.1 0.0953125
0 0.2 0.1234375 0.096875 0.13125
