0 0.87890625 0.1671875 0.1046875 0.103125
0 0.4078125 0.18828125 0.10625 0.1171875
0 0.60625 0.2125 0.18125 0.1625
0 0.28828125 0.21484375 0.1171875 0.1359375
0 0.07421875 0.2421875 0.0953125 0.15
0 0.69140625 0.321875 0.0921875 0.14375
0 0.33828125 0.33125 0.1046875 0.134375
0 0.96328125 0.3328125 0.0734375 0.128125
0 0.59765625 0.3609375 0.0953125 0.140625
0 0.12890625 0.39765625 0.0796875 0.1109375
0 0.4703125 0.44296875 0.14375 0.1765625
0 0.228125 0.44765625 0.1 0.1703125
0 0.8953125 0.4859375 0.171875 0.19375
0 0.72890625 0.51015625 0.0859375 0.1546875
0 0.64296875 0.54765625 0.0984375 0.1359375
0 0.53203125 0.5546875 0.0859375 0.115625
0 0.11640625 0.60390625 0.1078125 0.1734375
0 0.45234375 0.0625 0.1765625 0.125
0 0.65234375 0.6625 0.1078125 0.090625
0 0.45234375 0.72734375 0.1796875 0.2328125
0 0.62421875 0.790625 0.1265625 0.178125
0 0.17578125 0.796875 0.1296875 0.165625
0 0.2203125 0.08671875 0.121875 0.1328125
0 0.8140625 0.8765625 0.140625 0.146875
0 0.359375 0.91015625 0.109375 0.1203125
0 0.7859375 0.11875 0.121875 0.125
