0 0.30234375 0.134375 0.0953125 0.109375
0 0.87734375 0.140625 0.0734375 0.153125
0 0.71328125 0.146875 0.1140625 0.090625
0 0.8296875 0.16015625 0.10625 0.0765625
0 0.12265625 0.19375 0.1828125 0.140625
0 0.365625 0.2125 0.103125 0.096875
0 0.6640625 0.2265625 0.1 0.11875
0 0.74140625 0.23359375 0.1015625 0.0921875
0 0.821875 0.23359375 0.08125 0.0828125
0 0.95234375 0.23671875 0.0828125 0.1390625
0 0.47578125 0.25703125 0.1015625 0.1453125
0 0.66875 0.30234375 0.0875 0.1203125
0 0.771875 0.321875 0.10625 0.11875
0 0.240625 0.3375 0.103125 0.0875
0 0.9265625 0.3453125 0.13125 0.13125
0 0.7078125 0.390625 0.09375 0.15
0 0.53046875 0.41171875 0.1296875 0.1828125
0 0.4046875 0.43203125 0.1 0.1234375
0 0.85078125 0.43359375 0.0890625 0.1140625
0 0.25390625 0.4375 0.1421875 0.11875
0 0.13203125 0.4546875 0.0890625 0.15
0 0.91875 0.46640625 0.10625 0.1234375
0 0.78671875 0.4859375 0.1015625 0.13125
0 0.6484375 0.540625 0.121875 0.0875
0 0.8375 0.55703125 0.084375 0.1078125
0 0.37578125 0.56953125 0.0890625 0.1578125
0 0.14296875 0.0578125 0.1546875 0.115625
0 0.12265625 0.5921875 0.1515625 0.1125
0 0.2421875 0.634375 0.1 0.1375
0 0.76875 0.065625 0.09375 0.109375
0 0.5546875 0.65 0.0875 0.153125
0 0.6515625 0.65078125 0.140625 0.1390625
9 0.7609375 0.72421875 0.246875 0.2703125
0 0.6421875 0.07265625 0.109375 0.1171875
0 0.37421875 0.73359375 0.0859375 0.1421875
0 0.4671875 0.75 0.084375 0.146875
0 0.95546875 0.09375 0.0890625 0.140625
