1 0.6296875 0.1328125 0.115625 0.18125
1 0.56484375 0.22265625 0.0890625 0.1234375
1 0.11171875 0.27578125 0.1640625 0.1984375
1 0.46015625 0.30859375 0.1640625 0.1578125
1 0.24921875 0.43203125 0.0796875 0.1140625
1 0.3734375 0.47109375 0.1625 0.2234375
1 0.62265625 0.47265625 0.1765625 0.1546875
1 0.21796875 0.53515625 0.0828125 0.1421875
1 0.53984375 0.64296875 0.1203125 0.1296875
1 0.07265625 0.68671875 0.1328125 0.1171875
1 0.34921875 0.71015625 0.1171875 0.1640625
1 0.56484375 0.79140625 0.1515625 0.1953125
1 0.225 0.7953125 0.1 0.14375
1 0.18671875 0.91796875 0.1921875 0.1640625
1 0.0828125 0.1203125 0.078125 0.09375
