0 0.08203125 0.28828125 0.1234375 0.1390625
1 0.5078125 0.41015625 0.071875 0.0828125
0 0.39140625 0.41640625 0.0796875 0.1546875
1 0.296875 0.47578125 0.1125 0.0921875
0 0.28984375 0.5859375 0.0703125 0.1
1 0.1265625 0.5953125 0.0625 0.1
1 0.0875 0.60390625 0.134375 0.1734375
1 0.42109375 0.6078125 0.0734375 0.090625
1 0.66015625 0.6328125 0.0578125 0.109375
1 0.73125 0.634375 0.075 0.140625
1 0.1859375 0.65 0.065625 0.109375
1 0.46015625 0.6796875 0.0703125 0.11875
1 0.5765625 0.74765625 0.09375 0.1234375
1 0.04375 0.8203125 0.0625 0.1
1 0.4390625 0.821875 0.075 0.11875
1 0.803125 0.8375 0.08125 0.090625
0 0.72734375 0.85078125 0.0796875 0.1296875
1 0.509375 0.89375 0.078125 0.13125
1 0.07578125 0.93046875 0.1484375 0.1390625
