1 0.85546875 0.13984375 0.1140625 0.0859375
1 0.3734375 0.14296875 0.08125 0.1265625
1 0.290625 0.14453125 0.090625 0.1546875
1 0.95625 0.19140625 0.0875 0.1359375
1 0.58515625 0.19375 0.1171875 0.1375
1 0.825 0.22890625 0.14375 0.1671875
1 0.73828125 0.234375 0.1046875 0.115625
1 0.16875 0.24765625 0.140625 0.1265625
1 0.40390625 0.28359375 0.1015625 0.1953125
1 0.509375 0.29296875 0.0875 0.0953125
1 0.65859375 0.29296875 0.0859375 0.1703125
1 0.321875 0.30078125 0.0875 0.1796875
1 0.23203125 0.3046875 0.1046875 0.178125
1 0.1046875 0.30625 0.1125 0.14375
1 0.95546875 0.3125 0.0890625 0.165625
1 0.71640625 0.34296875 0.1078125 0.1265625
1 0.85703125 0.34296875 0.0765625 0.1234375
1 0.634375 0.3765625 0.0 0.003125
5 0.29921875 0.0375 0.0734375 0.075
1 0.378125 0.04140625 0.096875 0.0796875
1 0.471875 0.4078125 0.096875 0.16875
1 0.1328125 0.43515625 0.09375 0.1140625
1 0.53203125 0.48984375 0.0890625 0.1828125
1 0.3078125 0.490625 0.15625 0.190625
1 0.42578125 0.49765625 0.0859375 0.1671875
1 0.61953125 0.51796875 0.1203125 0.1484375
1 0.1734375 0.53125 0.15625 0.115625
1 0.546875 0.05546875 0.13125 0.1109375
1 0.903125 0.05625 0.190625 0.1125
1 0.071875 0.61875 0.115625 0.128125
5 0.5375 0.62265625 0.121875 0.1109375
0 0.82890625 0.62265625 0.1546875 0.1671875
1 0.2171875 0.6234375 0.10625 0.121875
1 0.4125 0.65234375 0.096875 0.1421875
5 0.27109375 0.66953125 0.0953125 0.1234375
1 0.0625 0.725 0.103125 0.103125
1 0.52265625 0.734375 0.1484375 0.1625
1 0.1921875 0.78671875 0.1125 0.1359375
1 0.7578125 0.084375 0.121875 0.16875
1 0.42265625 0.8421875 0.1015625 0.190625
1 0.56171875 0.8734375 0.1515625 0.153125
1 0.21171875 0.09140625 0.0921875 0.1515625
1 0.6625 0.93984375 0.13125 0.1203125
1 0.675 0.11171875 0.0875 0.1453125
1 0.45234375 0.115625 0.1015625 0.1125
1 0.115625 0.11875 0.109375 0.159375
