1 0.57421875 0.15625 0.1046875 0.109375
1 0.1875 0.1828125 0.059375 0.09375
1 0.27265625 0.20078125 0.0796875 0.0921875
1 0.56953125 0.025 0.1109375 0.05
1 0.17734375 0.26796875 0.0546875 0.0984375
1 0.65234375 0.28125 0.1046875 0.109375
1 0.31328125 0.3265625 0.1046875 0.109375
1 0.053125 0.34609375 0.059375 0.1015625
1 0.1765625 0.37890625 0.115625 0.1703125
1 0.74296875 0.39765625 0.1203125 0.1546875
1 0.38984375 0.4390625 0.1046875 0.109375
1 0.053125 0.44140625 0.059375 0.1015625
1 0.22265625 0.4625 0.0734375 0.078125
4 0.10859375 0.51796875 0.1890625 0.1015625
1 0.38359375 0.5421875 0.1046875 0.109375
1 0.96796875 0.5453125 0.0640625 0.109375
1 0.3765625 0.05625 0.09375 0.1125
1 0.178125 0.62890625 0.075 0.1109375
1 0.2921875 0.6734375 0.05625 0.10625
0 0.36796875 0.684375 0.0921875 0.140625
0 0.6734375 0.69609375 0.125 0.1953125
1 0.58125 0.709375 0.065625 0.1125
3 0.19140625 0.7453125 0.1859375 0.134375
1 0.040625 0.76328125 0.08125 0.1609375
1 0.9125 0.81484375 0.125 0.1953125
1 0.7234375 0.853125 0.053125 0.121875
1 0.32734375 0.0859375 0.0578125 0.103125
1 0.58203125 0.8859375 0.0921875 0.140625
1 0.43359375 0.95859375 0.1359375 0.0828125
1 0.0296875 0.96484375 0.059375 0.0703125
1 0.23515625 0.1046875 0.1046875 0.109375
