1 0.08046875 0.13046875 0.0578125 0.0828125
1 0.15625 0.16796875 0.059375 0.0859375
1 0.37109375 0.17578125 0.0828125 0.0921875
1 0.46953125 0.21328125 0.0609375 0.0859375
1 0.6421875 0.25546875 0.065625 0.0890625
1 0.5484375 0.2875 0.09375 0.096875
1 0.6984375 0.03125 0.08125 0.0625
1 0.1859375 0.33984375 0.09375 0.0921875
1 0.35390625 0.359375 0.0609375 0.109375
1 0.2890625 0.36875 0.071875 0.109375
1 0.1 0.040625 0.078125 0.08125
1 0.76328125 0.40625 0.0828125 0.115625
1 0.60859375 0.4140625 0.0796875 0.1
1 0.2046875 0.459375 0.09375 0.09375
1 0.30625 0.47109375 0.05625 0.0796875
1 0.45859375 0.5203125 0.0796875 0.084375
1 0.7828125 0.5390625 0.090625 0.103125
1 0.3671875 0.55390625 0.09375 0.1234375
1 0.6125 0.5625 0.175 0.15
1 0.2734375 0.61875 0.075 0.090625
1 0.778125 0.65859375 0.109375 0.1203125
1 0.3625 0.66796875 0.078125 0.0765625
1 0.44453125 0.0703125 0.0796875 0.06875
1 0.33984375 0.76953125 0.0734375 0.0859375
1 0.7609375 0.08125 0.0875 0.109375
1 0.21953125 0.82421875 0.0765625 0.0953125
1 0.371875 0.84140625 0.078125 0.0890625
1 0.1578125 0.875 0.084375 0.0875
1 0.0703125 0.8859375 0.090625 0.134375
1 0.5546875 0.8921875 0.1 0.0875
1 0.6515625 0.9359375 0.078125 0.090625
1 0.215625 0.1078125 0.078125 0.10625
