1 0.30859375 0.165625 0.0640625 0.071875
1 0.15078125 0.171875 0.0953125 0.1
1 0.52265625 0.17890625 0.0859375 0.0953125
1 0.3796875 0.18359375 0.065625 0.0796875
1 0.675 0.2078125 0.05625 0.0875
0 0.58984375 0.275 0.1171875 0.1
1 0.35078125 0.2765625 0.0796875 0.103125
0 0.7359375 0.28828125 0.05625 0.0921875
1 0.446875 0.290625 0.05625 0.0875
1 0.83359375 0.365625 0.0984375 0.121875
1 0.09375 0.3796875 0.059375 0.090625
1 0.35234375 0.3984375 0.0671875 0.1
1 0.9484375 0.41015625 0.075 0.0828125
1 0.50625 0.44375 0.078125 0.078125
1 0.69453125 0.45078125 0.1140625 0.1234375
1 0.5109375 0.52578125 0.0625 0.0703125
1 0.809375 0.5296875 0.084375 0.10625
3 0.228125 0.53828125 0.14375 0.1328125
1 0.71953125 0.54609375 0.0703125 0.0921875
1 0.92265625 0.553125 0.0546875 0.084375
1 0.33984375 0.55625 0.0578125 0.084375
1 0.44296875 0.57265625 0.0921875 0.1078125
1 0.08125 0.5921875 0.075 0.075
1 0.37265625 0.615625 0.0578125 0.075
1 0.4984375 0.61796875 0.06875 0.0890625
1 0.82109375 0.64296875 0.0765625 0.0859375
1 0.8890625 0.6546875 0.05625 0.09375
1 0.31875 0.6609375 0.084375 0.09375
1 0.68515625 0.67421875 0.0765625 0.0765625
1 0.51328125 0.6890625 0.0921875 0.084375
1 0.9359375 0.6890625 0.065625 0.0875
1 0.06171875 0.69296875 0.0703125 0.1109375
0 0.79765625 0.7328125 0.0609375 0.0875
1 0.46015625 0.7421875 0.0953125 0.096875
1 0.4015625 0.7703125 0.078125 0.090625
1 0.37890625 0.0796875 0.1015625 0.0875
1 0.65 0.7953125 0.071875 0.09375
1 0.87890625 0.86953125 0.0734375 0.0796875
1 0.64453125 0.90546875 0.0859375 0.0921875
1 0.42109375 0.95 0.0953125 0.1
3 0.88046875 0.1265625 0.1171875 0.165625
