3 0.5984375 0.17734375 0.2 0.1734375
0 0.4390625 0.18125 0.115625 0.24375
0 0.84609375 0.2875 0.1328125 0.21875
0 0.5515625 0.41796875 0.09375 0.1734375
0 0.459375 0.4203125 0.08125 0.11875
0 0.21796875 0.4859375 0.1203125 0.128125
0 0.6546875 0.05 0.103125 0.1
0 0.84609375 0.62421875 0.1078125 0.1703125
0 0.634375 0.63203125 0.103125 0.1453125
0 0.8734375 0.06640625 0.125 0.1328125
0 0.384375 0.75625 0.109375 0.140625
9 0.23359375 0.77578125 0.1609375 0.2421875
0 0.45625 0.871875 0.10625 0.14375
3 0.5796875 0.93984375 0.11875 0.1203125
