0 0.4640625 0.184375 0.1125 0.19375
0 0.23203125 0.18671875 0.1359375 0.2265625
0 0.3625 0.18671875 0.11875 0.2140625
0 0.66328125 0.20625 0.1484375 0.15625
0 0.53671875 0.2484375 0.1171875 0.190625
0 0.6125 0.33671875 0.1125 0.1578125
3 0.74375 0.39765625 0.184375 0.2046875
0 0.2203125 0.4625 0.1125 0.1375
0 0.43671875 0.46640625 0.1328125 0.1265625
0 0.325 0.49609375 0.10625 0.1328125
0 0.8421875 0.5359375 0.134375 0.203125
0 0.6421875 0.55859375 0.115625 0.1609375
0 0.51015625 0.56875 0.1453125 0.1125
0 0.23125 0.6078125 0.125 0.15
0 0.4078125 0.64765625 0.146875 0.2203125
0 0.5421875 0.71328125 0.125 0.1578125
0 0.590625 0.071875 0.134375 0.14375
0 0.70859375 0.0765625 0.1328125 0.153125
0 0.59921875 0.78828125 0.1328125 0.1765625
