0 0.9109375 0.18671875 0.11875 0.1546875
0 0.403125 0.21640625 0.15625 0.1703125
0 0.5796875 0.23125 0.1125 0.14375
0 0.69296875 0.2703125 0.1078125 0.125
0 0.18125 0.315625 0.1125 0.14375
0 0.8109375 0.3359375 0.13125 0.228125
0 0.6765625 0.37734375 0.1125 0.1171875
0 0.50234375 0.39140625 0.1171875 0.1546875
0 0.840625 0.49375 0.1 0.140625
0 0.6390625 0.53046875 0.096875 0.1359375
0 0.1203125 0.53828125 0.128125 0.1234375
0 0.5421875 0.56328125 0.096875 0.1359375
0 0.1203125 0.66015625 0.115625 0.1234375
0 0.27890625 0.665625 0.1265625 0.146875
0 0.7140625 0.68828125 0.096875 0.1359375
0 0.39453125 0.6921875 0.0984375 0.1375
0 0.5046875 0.74296875 0.096875 0.1359375
0 0.13125 0.79765625 0.11875 0.1546875
0 0.2734375 0.8859375 0.121875 0.13125
0 0.68046875 0.9375 0.1328125 0.121875
