0 0.6921875 0.14140625 0.15 0.1328125
0 0.05 0.17578125 0.1 0.1171875
0 0.49296875 0.20625 0.0859375 0.15625
0 0.41484375 0.2359375 0.1171875 0.153125
0 0.628125 0.2515625 0.125 0.0875
0 0.803125 0.32734375 0.15625 0.2046875
0 0.63828125 0.3359375 0.1265625 0.0875
0 0.5484375 0.40703125 0.096875 0.1046875
0 0.70078125 0.48515625 0.0671875 0.1390625
0 0.62265625 0.49140625 0.0828125 0.1359375
0 0.75546875 0.571875 0.0796875 0.15625
0 0.6171875 0.63828125 0.153125 0.1921875
0 0.884375 0.66015625 0.09375 0.1171875
0 0.815625 0.67109375 0.084375 0.0859375
0 0.69765625 0.68828125 0.0640625 0.1609375
0 0.8609375 0.8109375 0.153125 0.16875
0 0.4078125 0.82578125 0.11875 0.1546875
