0 0.91875 0.35234375 0.121875 0.1609375
0 0.7296875 0.378125 0.121875 0.159375
0 0.45703125 0.4234375 0.0953125 0.134375
0 0.92109375 0.4953125 0.1015625 0.115625
0 0.56171875 0.50625 0.0953125 0.134375
0 0.81953125 0.52421875 0.1015625 0.1265625
0 0.4078125 0.53125 0.10625 0.1
0 0.73515625 0.60703125 0.0921875 0.1453125
0 0.58359375 0.63984375 0.0953125 0.1390625
0 0.459375 0.6421875 0.1125 0.125
0 0.86015625 0.6484375 0.1015625 0.115625
0 0.36640625 0.6875 0.0890625 0.115625
0 0.2734375 0.715625 0.103125 0.146875
0 0.675 0.7171875 0.06875 0.15625
0 0.7328125 0.7453125 0.078125 0.1625
0 0.040625 0.7953125 0.08125 0.18125
0 0.4734375 0.79921875 0.09375 0.1171875
0 0.6 0.83828125 0.09375 0.1171875
0 0.3015625 0.83984375 0.153125 0.0953125
