0 0.6 0.1734375 0.1125 0.11875
0 0.8921875 0.1921875 0.140625 0.13125
0 0.74296875 0.20234375 0.0921875 0.1421875
0 0.88984375 0.31328125 0.1453125 0.1109375
0 0.2765625 0.3375 0.09375 0.20625
0 0.8390625 0.44921875 0.09375 0.1453125
0 0.1765625 0.45546875 0.15625 0.1703125
0 0.70546875 0.4625 0.1890625 0.334375
0 0.47265625 0.571875 0.1328125 0.15
0 0.34296875 0.58046875 0.1453125 0.3078125
0 0.8375 0.6 0.2375 0.15625
0 0.653125 0.06796875 0.09375 0.1359375
0 0.3453125 0.76640625 0.26875 0.1359375
0 0.7859375 0.79453125 0.153125 0.2796875
0 0.36796875 0.09296875 0.1640625 0.1859375
