0 0.65859375 0.1453125 0.1296875 0.225
0 0.3359375 0.203125 0.090625 0.11875
0 0.21328125 0.35 0.1140625 0.13125
0 0.55546875 0.3734375 0.0671875 0.13125
0 0.790625 0.38203125 0.084375 0.1734375
0 0.4890625 0.39765625 0.06875 0.1390625
0 0.8734375 0.4015625 0.078125 0.2
0 0.34296875 0.41171875 0.1140625 0.1109375
0 0.60390625 0.48984375 0.0921875 0.1140625
0 0.2203125 0.49140625 0.115625 0.1078125
0 0.346875 0.5171875 0.0875 0.1125
0 0.88828125 0.54453125 0.0859375 0.1078125
0 0.80703125 0.55859375 0.0796875 0.1765625
0 0.52578125 0.56015625 0.0765625 0.1296875
0 0.109375 0.615625 0.0875 0.140625
0 0.21796875 0.659375 0.0796875 0.1375
0 0.55390625 0.6734375 0.0703125 0.115625
0 0.9171875 0.68125 0.071875 0.16875
0 0.4875 0.70390625 0.075 0.1203125
0 0.571875 0.790625 0.071875 0.084375
0 0.71171875 0.8296875 0.0796875 0.121875
0 0.48515625 0.83125 0.0953125 0.165625
0 0.08125 0.83515625 0.128125 0.1234375
0 0.78359375 0.84609375 0.0734375 0.1046875
0 0.2046875 0.91640625 0.1 0.1640625
0 0.2953125 0.93515625 0.078125 0.1265625
0 0.8171875 0.9484375 0.078125 0.1
