1 0.6890625 0.16328125 0.103125 0.1109375
1 0.378125 0.16796875 0.10625 0.1953125
1 0.12734375 0.18046875 0.0703125 0.1359375
1 0.759375 0.184375 0.115625 0.153125
1 0.84453125 0.18515625 0.0828125 0.1546875
1 0.503125 0.19453125 0.121875 0.1859375
1 0.05703125 0.1953125 0.0828125 0.0875
1 0.20546875 0.196875 0.0828125 0.15
1 0.2828125 0.2046875 0.075 0.13125
1 0.62890625 0.215625 0.0984375 0.1
1 0.9265625 0.22578125 0.078125 0.1296875
1 0.0421875 0.02421875 0.084375 0.0484375
1 0.68828125 0.26953125 0.0734375 0.1171875
1 0.0921875 0.2703125 0.090625 0.10625
1 0.41484375 0.2875 0.0796875 0.128125
1 0.26796875 0.3078125 0.0734375 0.0875
1 0.0375 0.3109375 0.075 0.203125
1 0.878125 0.31796875 0.096875 0.1109375
1 0.6125 0.3296875 0.11875 0.165625
1 0.209375 0.33125 0.1 0.115625
1 0.34453125 0.3390625 0.0796875 0.125
1 0.11875 0.34921875 0.078125 0.0953125
1 0.4921875 0.359375 0.1625 0.196875
1 0.95703125 0.375 0.0859375 0.159375
1 0.703125 0.38984375 0.13125 0.1578125
1 0.38125 0.40234375 0.0875 0.1015625
1 0.88828125 0.4140625 0.0765625 0.115625
1 0.975 0.0421875 0.05 0.084375
5 0.246875 0.04453125 0.09375 0.0890625
1 0.15859375 0.434375 0.1296875 0.121875
1 0.61875 0.440625 0.09375 0.128125
1 0.771875 0.46484375 0.16875 0.1828125
1 0.93671875 0.48046875 0.1046875 0.1109375
1 0.0296875 0.48125 0.059375 0.109375
1 0.0875 0.48359375 0.06875 0.1078125
1 0.47265625 0.05078125 0.1046875 0.1015625
1 0.31640625 0.503125 0.1578125 0.1625
1 0.4734375 0.51484375 0.140625 0.1421875
1 0.690625 0.05234375 0.11875 0.1046875
1 0.66953125 0.54296875 0.1171875 0.1203125
1 0.14921875 0.05625 0.0828125 0.1125
1 0.5796875 0.57109375 0.109375 0.1296875
1 0.96015625 0.5765625 0.0796875 0.10625
1 0.040625 0.58671875 0.08125 0.1015625
1 0.11171875 0.59140625 0.0921875 0.1234375
1 0.3546875 0.5921875 0.1375 0.134375
1 0.87734375 0.61875 0.1140625 0.134375
1 0.61640625 0.06328125 0.1015625 0.1265625
1 0.71484375 0.64296875 0.2640625 0.2203125
1 0.4359375 0.64921875 0.09375 0.1078125
1 0.8875 0.065625 0.14375 0.13125
1 0.07890625 0.67265625 0.0859375 0.1109375
1 0.1734375 0.6734375 0.09375 0.121875
1 0.31953125 0.71015625 0.1171875 0.1140625
1 0.93984375 0.7265625 0.1203125 0.234375
1 0.83359375 0.728125 0.1109375 0.134375
1 0.65703125 0.7390625 0.0859375 0.128125
1 0.72421875 0.75 0.0859375 0.1125
1 0.06484375 0.75546875 0.0671875 0.0796875
1 0.6109375 0.815625 0.08125 0.1875
1 0.18046875 0.81796875 0.1640625 0.2046875
1 0.78671875 0.0828125 0.1171875 0.165625
1 0.9046875 0.8265625 0.115625 0.109375
1 0.07734375 0.08359375 0.0953125 0.1296875
1 0.36015625 0.83671875 0.0921875 0.1171875
1 0.2828125 0.8359375 0.0875 0.090625
1 0.7296875 0.840625 0.15625 0.125
1 0.51640625 0.8453125 0.0796875 0.08125
1 0.8515625 0.85859375 0.06875 0.0765625
1 0.4421875 0.8984375 0.140625 0.103125
1 0.553125 0.09140625 0.09375 0.1109375
1 0.74765625 0.91171875 0.0734375 0.0765625
4 0.1046875 0.91796875 0.16875 0.1640625
1 0.278125 0.92265625 0.140625 0.1015625
1 0.5515625 0.9234375 0.071875 0.075
1 0.859375 0.92578125 0.0875 0.0859375
1 0.67890625 0.93671875 0.0828125 0.0796875
1 0.3859375 0.96484375 0.0875 0.0703125
1 0.4828125 0.965625 0.1 0.06875
1 0.78046875 0.9671875 0.1015625 0.065625
1 0.61875 0.975 0.084375 0.05
1 0.3125 0.9796875 0.1 0.040625
1 0.4671875 0.10703125 0.115625 0.1046875
1 0.2921875 0.11171875 0.09375 0.1015625
1 0.95703125 0.11796875 0.0859375 0.1265625
