0 0.61640625 0.13671875 0.0953125 0.1390625
2 0.2765625 0.1640625 0.125 0.134375
0 0.43046875 0.24921875 0.1046875 0.0953125
0 0.515625 0.25625 0.071875 0.109375
0 0.8515625 0.27890625 0.10625 0.1140625
0 0.59296875 0.28125 0.0984375 0.1375
0 0.90078125 0.03125 0.1140625 0.0625
0 0.32890625 0.30390625 0.0921875 0.1359375
0 0.69453125 0.31484375 0.0921875 0.1265625
0 0.23671875 0.35859375 0.1359375 0.1515625
0 0.4453125 0.3671875 0.128125 0.15
0 0.92109375 0.384375 0.1421875 0.1625
0 0.7359375 0.39296875 0.09375 0.1203125
0 0.540625 0.43203125 0.071875 0.1140625
2 0.62109375 0.0453125 0.1203125 0.090625
0 0.4046875 0.4953125 0.1125 0.109375
0 0.61328125 0.4953125 0.0859375 0.140625
0 0.70625 0.059375 0.078125 0.11875
0 0.50859375 0.65546875 0.1421875 0.1734375
0 0.36171875 0.67421875 0.1546875 0.1515625
9 0.75703125 0.7578125 0.1296875 0.175
0 0.31875 0.84453125 0.109375 0.1359375
0 0.5078125 0.85390625 0.1375 0.1734375
7 0.92734375 0.8796875 0.0328125 0.021875
9 0.11328125 0.91640625 0.1484375 0.1328125
0 0.96875 0.0953125 0.0625 0.165625
0 0.628125 0.94765625 0.134375 0.1046875
0 0.525 0.11015625 0.1125 0.1203125
0 0.77265625 0.11875 0.0765625 0.11875
0 0.90625 0.125 0.1125 0.13125
0 0.40546875 0.1296875 0.1203125 0.146875
