1 0.7546875 0.15625 0.08125 0.109375
1 0.2921875 0.25390625 0.04375 0.0640625
1 0.88203125 0.26953125 0.0953125 0.0765625
1 0.0796875 0.2828125 0.071875 0.096875
1 0.3484375 0.2875 0.084375 0.096875
1 0.61796875 0.3296875 0.0734375 0.10625
1 0.29375 0.34296875 0.065625 0.1109375
1 0.71328125 0.36328125 0.0734375 0.0828125
1 0.93125 0.38125 0.059375 0.1125
1 0.1046875 0.38203125 0.0875 0.1078125
1 0.36875 0.38671875 0.0875 0.0765625
1 0.7984375 0.39453125 0.084375 0.0890625
1 0.03203125 0.41015625 0.0484375 0.1265625
1 0.87109375 0.43203125 0.0671875 0.0953125
1 0.54375 0.453125 0.1125 0.109375
1 0.23515625 0.47265625 0.1015625 0.1078125
1 0.7640625 0.51875 0.084375 0.078125
1 0.07578125 0.521875 0.0859375 0.08125
1 0.15390625 0.52578125 0.0734375 0.1171875
1 0.96796875 0.5265625 0.0640625 0.109375
1 0.33515625 0.5390625 0.0859375 0.0875
1 0.56171875 0.54453125 0.0890625 0.0734375
1 0.22734375 0.546875 0.0734375 0.084375
1 0.6625 0.55078125 0.059375 0.1078125
1 0.83359375 0.55703125 0.0890625 0.0984375
1 0.9046875 0.5640625 0.059375 0.090625
1 0.47421875 0.56953125 0.0640625 0.0859375
1 0.17265625 0.6015625 0.0671875 0.096875
1 0.0984375 0.60390625 0.090625 0.1171875
1 0.39609375 0.6109375 0.0734375 0.0875
1 0.975 0.61640625 0.05 0.0859375
1 0.2421875 0.61875 0.075 0.075
1 0.48125 0.6484375 0.0625 0.084375
1 0.3328125 0.65390625 0.0875 0.1109375
1 0.6015625 0.6640625 0.090625 0.084375
1 0.7203125 0.67578125 0.1125 0.1234375
1 0.89375 0.67578125 0.059375 0.1328125
1 0.409375 0.6828125 0.096875 0.10625
1 0.7953125 0.69140625 0.06875 0.0921875
1 0.09609375 0.69140625 0.0828125 0.1296875
1 0.165625 0.7265625 0.065625 0.1
1 0.6328125 0.74609375 0.059375 0.0703125
1 0.46484375 0.7609375 0.0890625 0.08125
1 0.33359375 0.76328125 0.0921875 0.0953125
1 0.9078125 0.77578125 0.09375 0.1140625
1 0.7140625 0.77734375 0.10625 0.1109375
1 0.81015625 0.78515625 0.0859375 0.1109375
1 0.54921875 0.8125 0.0828125 0.115625
