1 0.2515625 0.01640625 0.109375 0.0328125
0 0.43828125 0.17578125 0.1828125 0.1828125
1 0.034375 0.20078125 0.06875 0.1265625
1 0.09296875 0.20703125 0.0671875 0.1046875
1 0.28359375 0.28046875 0.0734375 0.0703125
1 0.38515625 0.29375 0.0859375 0.06875
1 0.215625 0.2953125 0.109375 0.109375
0 0.5640625 0.30625 0.13125 0.1
1 0.70390625 0.31015625 0.0890625 0.1296875
1 0.309375 0.3359375 0.078125 0.059375
1 0.44765625 0.3375 0.0015625 0.003125
1 0.42265625 0.34921875 0.0703125 0.0703125
1 0.35859375 0.36171875 0.0515625 0.0765625
1 0.24375 0.3734375 0.078125 0.09375
1 0.503125 0.37265625 0.078125 0.0828125
1 0.4671875 0.4 0.059375 0.075
1 0.40078125 0.41796875 0.0421875 0.0921875
1 0.521875 0.43515625 0.075 0.0796875
1 0.3609375 0.43671875 0.06875 0.0765625
1 0.446875 0.46796875 0.078125 0.0984375
1 0.60078125 0.48203125 0.0703125 0.0890625
1 0.3921875 0.48984375 0.065625 0.0828125
1 0.546875 0.49453125 0.046875 0.0953125
1 0.49921875 0.4984375 0.0484375 0.071875
1 0.33046875 0.51953125 0.0703125 0.0796875
1 0.665625 0.52734375 0.059375 0.0890625
1 0.4515625 0.5296875 0.071875 0.08125
1 0.59765625 0.53671875 0.0828125 0.0734375
1 0.38046875 0.5390625 0.0578125 0.06875
1 0.50859375 0.5734375 0.0671875 0.065625
1 0.41875 0.5765625 0.05625 0.065625
1 0.73515625 0.58203125 0.0703125 0.0640625
1 0.56171875 0.58984375 0.0734375 0.0796875
1 0.63046875 0.59375 0.0609375 0.075
1 0.37109375 0.6046875 0.0796875 0.0875
1 0.6796875 0.6078125 0.06875 0.084375
1 0.4546875 0.6140625 0.071875 0.0875
1 0.7296875 0.6578125 0.05625 0.090625
1 0.65 0.7140625 0.125 0.09375
1 0.9140625 0.77109375 0.075 0.1234375
1 0.97421875 0.81484375 0.0515625 0.0796875
