0 0.4015625 0.1953125 0.090625 0.1125
0 0.5375 0.26171875 0.084375 0.0953125
0 0.65703125 0.29609375 0.0796875 0.0859375
0 0.7375 0.30703125 0.090625 0.1078125
0 0.5625 0.3234375 0.075 0.05625
0 0.4234375 0.33046875 0.084375 0.1265625
3 0.26796875 0.35859375 0.2421875 0.1265625
0 0.82578125 0.36640625 0.1078125 0.1703125
0 0.60703125 0.37265625 0.0671875 0.0796875
0 0.47578125 0.4140625 0.0609375 0.040625
0 0.55234375 0.4203125 0.0703125 0.06875
0 0.515625 0.478125 0.078125 0.071875
0 0.23046875 0.52578125 0.1015625 0.0953125
0 0.13515625 0.584375 0.0921875 0.13125
0 0.27578125 0.6234375 0.0890625 0.109375
0 0.5015625 0.6234375 0.109375 0.1375
0 0.38203125 0.640625 0.1171875 0.190625
0 0.8453125 0.6421875 0.09375 0.175
0 0.24296875 0.71015625 0.0859375 0.0953125
0 0.15859375 0.725 0.1015625 0.15
0 0.3625 0.0734375 0.165625 0.140625
0 0.240625 0.07421875 0.096875 0.1359375
0 0.91640625 0.7796875 0.0890625 0.159375
0 0.82109375 0.79609375 0.0984375 0.1109375
0 0.7484375 0.8375 0.109375 0.178125
0 0.85078125 0.8796875 0.0890625 0.09375
0 0.1515625 0.11171875 0.08125 0.1484375
