0 0.8875 0.13125 0.1625 0.234375
0 0.646875 0.13671875 0.10625 0.1859375
0 0.58671875 0.17578125 0.1015625 0.1390625
0 0.48515625 0.271875 0.1109375 0.140625
0 0.56796875 0.30625 0.1546875 0.134375
0 0.7 0.30859375 0.109375 0.1484375
3 0.859375 0.37890625 0.146875 0.1859375
0 0.2671875 0.4640625 0.190625 0.196875
0 0.49765625 0.5375 0.1609375 0.128125
0 0.7265625 0.0546875 0.153125 0.109375
0 0.8515625 0.60703125 0.096875 0.1578125
0 0.5890625 0.61953125 0.14375 0.0765625
0 0.38671875 0.63515625 0.1609375 0.1390625
0 0.19375 0.6671875 0.2375 0.153125
0 0.53125 0.6890625 0.1375 0.103125
0 0.6609375 0.72734375 0.109375 0.1484375
0 0.40859375 0.75234375 0.1109375 0.1296875
0 0.29375 0.78125 0.10625 0.0875
0 0.14140625 0.790625 0.1453125 0.109375
0 0.53984375 0.81484375 0.1328125 0.1234375
0 0.384375 0.84296875 0.15 0.1453125
0 0.8078125 0.84765625 0.140625 0.2109375
0 0.67109375 0.86640625 0.1109375 0.1546875
0 0.240625 0.89453125 0.125 0.1578125
0 0.52265625 0.91015625 0.1359375 0.1453125
