3 0.2828125 0.18828125 0.253125 0.1515625
0 0.94921875 0.19921875 0.1015625 0.1828125
3 0.85703125 0.28671875 0.0796875 0.3546875
0 0.2140625 0.29609375 0.115625 0.1171875
3 0.75703125 0.31953125 0.1296875 0.3609375
3 0.43984375 0.35078125 0.1953125 0.1078125
0 0.46875 0.41875 0.0875 0.10625
0 0.34140625 0.05078125 0.1078125 0.0953125
3 0.2375 0.5359375 0.20625 0.115625
3 0.1296875 0.58125 0.175 0.259375
3 0.51484375 0.60859375 0.1390625 0.2609375
3 0.425 0.6734375 0.09375 0.246875
3 0.71796875 0.69140625 0.1109375 0.3015625
