0 0.39609375 0.14609375 0.1296875 0.0953125
0 0.5953125 0.18828125 0.14375 0.1328125
3 0.30234375 0.3078125 0.1796875 0.190625
0 0.7625 0.33828125 0.11875 0.1109375
0 0.509375 0.3921875 0.171875 0.134375
3 0.1109375 0.46171875 0.221875 0.2078125
0 0.696875 0.4875 0.128125 0.15
0 0.89609375 0.5078125 0.1015625 0.13125
0 0.3046875 0.53828125 0.165625 0.3328125
0 0.4484375 0.5796875 0.090625 0.14375
0 0.79609375 0.62109375 0.1015625 0.1515625
0 0.55234375 0.65703125 0.1078125 0.1390625
0 0.68125 0.7171875 0.09375 0.14375
0 0.3765625 0.7796875 0.103125 0.125
0 0.60625 0.078125 0.153125 0.1125
0 0.75859375 0.81953125 0.1421875 0.1140625
0 0.88984375 0.8765625 0.1734375 0.225
0 0.28359375 0.89609375 0.1265625 0.2046875
0 0.04453125 0.9015625 0.0890625 0.19375
0 0.68125 0.93359375 0.140625 0.1296875
