0 0.56015625 0.1375 0.0703125 0.15
0 0.903125 0.15 0.128125 0.140625
0 0.79375 0.17265625 0.059375 0.1171875
0 0.6796875 0.17421875 0.09375 0.1171875
0 0.23046875 0.196875 0.1046875 0.234375
0 0.1 0.2015625 0.15 0.175
0 0.7359375 0.20546875 0.071875 0.1171875
0 0.4390625 0.22265625 0.125 0.1203125
0 0.95703125 0.2515625 0.0828125 0.134375
0 0.66875 0.271875 0.08125 0.1125
0 0.87734375 0.30625 0.0734375 0.115625
0 0.759375 0.31875 0.084375 0.10625
0 0.59375 0.34921875 0.11875 0.1796875
0 0.9515625 0.36875 0.096875 0.075
0 0.4671875 0.38125 0.109375 0.115625
0 0.16953125 0.39296875 0.0703125 0.1046875
0 0.28125 0.43515625 0.1125 0.0984375
0 0.853125 0.4546875 0.146875 0.153125
0 0.95 0.45703125 0.053125 0.1078125
0 0.71640625 0.47265625 0.0953125 0.1765625
0 0.44765625 0.52578125 0.0734375 0.1234375
0 0.2203125 0.540625 0.0625 0.090625
0 0.3328125 0.5546875 0.15 0.14375
0 0.9125 0.58125 0.05625 0.140625
0 0.8484375 0.59609375 0.096875 0.1421875
0 0.6859375 0.06171875 0.075 0.1234375
0 0.59765625 0.63203125 0.1515625 0.1890625
0 0.70859375 0.63515625 0.0515625 0.0953125
0 0.47421875 0.6515625 0.1046875 0.1625
0 0.971875 0.6796875 0.05625 0.134375
0 0.8109375 0.0703125 0.05 0.075
0 0.08046875 0.70390625 0.0765625 0.1234375
0 0.75546875 0.7265625 0.0828125 0.06875
0 0.859375 0.740625 0.103125 0.125
0 0.3125 0.771875 0.2 0.290625
0 0.16484375 0.7890625 0.1015625 0.15
0 0.58515625 0.79609375 0.1515625 0.2015625
0 0.759375 0.8203125 0.0875 0.159375
0 0.8265625 0.86171875 0.090625 0.1265625
0 0.971875 0.875 0.05625 0.15
0 0.6609375 0.9328125 0.153125 0.13125
0 0.26640625 0.9609375 0.1203125 0.078125
0 0.36484375 0.1 0.1140625 0.109375
0 0.753125 0.1015625 0.0625 0.109375
0 0.634375 0.10703125 0.075 0.0953125
0 0.50546875 0.109375 0.0765625 0.125
