0 0.51015625 0.15078125 0.0828125 0.1203125
0 0.7296875 0.1875 0.1 0.121875
0 0.04140625 0.2015625 0.0734375 0.125
0 0.1328125 0.209375 0.10625 0.109375
0 0.5125 0.2609375 0.1 0.125
0 0.68515625 0.359375 0.1015625 0.115625
0 0.96484375 0.371875 0.0703125 0.15
0 0.503125 0.3984375 0.121875 0.115625
0 0.71171875 0.58046875 0.0953125 0.1640625
0 0.815625 0.59921875 0.096875 0.1515625
0 0.60703125 0.6078125 0.1421875 0.1125
0 0.93984375 0.61875 0.1171875 0.121875
0 0.3296875 0.66171875 0.103125 0.0984375
0 0.746875 0.71875 0.125 0.15625
0 0.121875 0.80703125 0.1125 0.1046875
0 0.57421875 0.93984375 0.0828125 0.1203125
