0 0.6265625 0.2609375 0.1375 0.15
0 0.10546875 0.27265625 0.1609375 0.2046875
0 0.8 0.2828125 0.13125 0.1125
8 0.2984375 0.32578125 0.190625 0.1859375
0 0.8921875 0.03515625 0.13125 0.0703125
0 0.353125 0.0375 0.08125 0.075
0 0.95859375 0.384375 0.0765625 0.134375
0 0.84296875 0.3875 0.1359375 0.1
0 0.32109375 0.49375 0.1515625 0.13125
1 0.13046875 0.49765625 0.0953125 0.0890625
0 0.5859375 0.05625 0.0875 0.1125
0 0.8859375 0.58359375 0.109375 0.1546875
0 0.0578125 0.059375 0.115625 0.11875
0 0.459375 0.58671875 0.125 0.1328125
8 0.834375 0.5875 0.103125 0.228125
0 0.97734375 0.59453125 0.0453125 0.1546875
0 0.78515625 0.66640625 0.1046875 0.1703125
0 0.6625 0.6765625 0.18125 0.140625
0 0.246875 0.70546875 0.090625 0.1390625
0 0.37421875 0.70859375 0.1109375 0.1171875
0 0.49609375 0.78515625 0.0984375 0.1453125
0 0.0875 0.7890625 0.153125 0.13125
0 0.46953125 0.0796875 0.1265625 0.159375
0 0.68828125 0.809375 0.1015625 0.134375
0 0.3015625 0.821875 0.0875 0.115625
0 0.38984375 0.84453125 0.0921875 0.1328125
0 0.4703125 0.86328125 0.075 0.1078125
