1 0.78515625 0.1484375 0.0953125 0.146875
0 0.5359375 0.21796875 0.140625 0.2703125
0 0.66015625 0.22578125 0.0953125 0.2734375
1 0.85234375 0.2625 0.1109375 0.125
0 0.434375 0.325 0.1375 0.21875
0 0.171875 0.49375 0.175 0.221875
0 0.478125 0.60234375 0.1125 0.1234375
0 0.6421875 0.6234375 0.103125 0.125
0 0.15546875 0.71171875 0.1796875 0.1546875
0 0.57109375 0.771875 0.1359375 0.14375
0 0.38125 0.78515625 0.096875 0.1546875
0 0.4546875 0.9 0.09375 0.13125
0 0.33359375 0.934375 0.1359375 0.128125
1 0.21953125 0.93828125 0.1015625 0.1234375
