1 0.81328125 0.3359375 0.1640625 0.1875
1 0.51953125 0.403125 0.1234375 0.153125
1 0.70625 0.40546875 0.103125 0.1484375
1 0.4296875 0.44453125 0.103125 0.1203125
1 0.2640625 0.4625 0.103125 0.1125
1 0.025 0.534375 0.05 0.175
1 0.346875 0.53515625 0.08125 0.1015625
1 0.6375 0.54375 0.05 0.10625
1 0.41875 0.5609375 0.071875 0.1
1 0.4984375 0.57734375 0.084375 0.1203125
1 0.5796875 0.58203125 0.071875 0.0921875
1 0.85234375 0.58203125 0.0828125 0.1140625
1 0.76953125 0.6625 0.0796875 0.121875
1 0.61015625 0.66640625 0.0734375 0.1015625
1 0.6828125 0.671875 0.0875 0.10625
1 0.95859375 0.709375 0.0828125 0.134375
1 0.8609375 0.72578125 0.06875 0.0984375
1 0.3265625 0.74296875 0.090625 0.0984375
1 0.33125 0.87890625 0.125 0.1171875
1 0.2625 0.9203125 0.078125 0.15625
