5 0.48671875 0.2265625 0.0796875 0.140625
0 0.8234375 0.24609375 0.121875 0.1546875
0 0.94296875 0.246875 0.1078125 0.159375
5 0.7125 0.25703125 0.084375 0.1078125
5 0.39765625 0.2703125 0.1015625 0.134375
5 0.4890625 0.34765625 0.078125 0.1109375
0 0.58046875 0.3484375 0.0984375 0.115625
0 0.4390625 0.4109375 0.059375 0.075
0 0.8328125 0.43125 0.10625 0.1375
5 0.65546875 0.534375 0.0828125 0.209375
0 0.72890625 0.59296875 0.0859375 0.1734375
0 0.88203125 0.62890625 0.0796875 0.1546875
0 0.80859375 0.64140625 0.0796875 0.1546875
0 0.0734375 0.65546875 0.08125 0.1390625
0 0.52734375 0.66640625 0.1109375 0.1328125
0 0.17421875 0.68203125 0.1328125 0.1671875
0 0.39296875 0.9 0.0953125 0.13125
0 0.290625 0.9046875 0.109375 0.11875
0 0.834375 0.9234375 0.15625 0.13125
