0 0.140625 0.13203125 0.071875 0.1390625
0 0.21171875 0.19609375 0.0953125 0.1640625
0 0.7203125 0.2328125 0.1625 0.253125
3 0.328125 0.26015625 0.13125 0.1703125
0 0.08046875 0.2609375 0.1359375 0.1625
0 0.6171875 0.271875 0.096875 0.1875
0 0.15 0.02734375 0.1125 0.0546875
0 0.44140625 0.29921875 0.1265625 0.1296875
0 0.534375 0.32421875 0.084375 0.1140625
0 0.1828125 0.37421875 0.10625 0.1265625
1 0.10859375 0.40546875 0.0828125 0.1078125
0 0.0375 0.44765625 0.075 0.1703125
0 0.57421875 0.4609375 0.1203125 0.190625
0 0.703125 0.471875 0.14375 0.190625
1 0.221875 0.50234375 0.084375 0.1515625
1 0.31796875 0.50390625 0.1078125 0.1640625
0 0.48359375 0.50625 0.0890625 0.159375
0 0.115625 0.56875 0.121875 0.15625
1 0.35 0.58671875 0.08125 0.1359375
1 0.41875 0.61171875 0.0625 0.1265625
0 0.2234375 0.6171875 0.10625 0.140625
0 0.49765625 0.62890625 0.1015625 0.1265625
0 0.68671875 0.63125 0.1484375 0.14375
0 0.11875 0.66328125 0.115625 0.1453125
1 0.41875 0.7171875 0.090625 0.09375
0 0.58671875 0.7328125 0.0890625 0.146875
0 0.31875 0.07734375 0.10625 0.1546875
0 0.0765625 0.76953125 0.140625 0.1640625
0 0.26328125 0.775 0.0984375 0.121875
0 0.584375 0.0796875 0.1125 0.153125
1 0.64609375 0.79921875 0.1265625 0.1390625
1 0.40546875 0.80859375 0.1203125 0.1421875
0 0.18984375 0.82578125 0.0984375 0.1453125
0 0.96484375 0.87578125 0.0703125 0.2046875
1 0.32265625 0.884375 0.0984375 0.16875
1 0.5828125 0.90859375 0.134375 0.0953125
1 0.4890625 0.9203125 0.1125 0.140625
0 0.39921875 0.0953125 0.0890625 0.190625
0 0.0609375 0.0953125 0.096875 0.165625
1 0.22421875 0.9546875 0.1578125 0.090625
0 0.2703125 0.09921875 0.09375 0.1359375
0 0.48359375 0.11875 0.0703125 0.165625
