0 0.3984375 0.15 0.1625 0.175
0 0.64765625 0.17578125 0.1140625 0.2171875
0 0.76796875 0.2625 0.1359375 0.15
0 0.45078125 0.3359375 0.1046875 0.178125
0 0.46953125 0.0359375 0.1265625 0.071875
0 0.81171875 0.40546875 0.1484375 0.1734375
1 0.5953125 0.41015625 0.1125 0.1796875
0 0.51328125 0.41953125 0.0796875 0.1984375
1 0.86015625 0.478125 0.0890625 0.13125
0 0.75078125 0.515625 0.1421875 0.1875
0 0.94140625 0.54296875 0.1140625 0.2359375
0 0.57109375 0.5875 0.1484375 0.128125
0 0.828125 0.61328125 0.096875 0.1359375
0 0.68359375 0.70546875 0.1203125 0.1421875
0 0.553125 0.72890625 0.13125 0.1734375
0 0.8 0.73046875 0.09375 0.1328125
0 0.6859375 0.8328125 0.15 0.1125
0 0.91171875 0.8578125 0.1203125 0.15625
0 0.65546875 0.91796875 0.1421875 0.1328125
0 0.53046875 0.121875 0.1015625 0.178125
