1 0.04296875 0.17734375 0.0859375 0.2015625
1 0.13046875 0.19140625 0.0984375 0.1234375
1 0.41640625 0.2640625 0.1328125 0.153125
1 0.2609375 0.26953125 0.128125 0.2171875
1 0.1421875 0.30390625 0.13125 0.1578125
1 0.57421875 0.33828125 0.1390625 0.1890625
1 0.43984375 0.378125 0.1109375 0.15
1 0.6984375 0.42421875 0.115625 0.1671875
1 0.08203125 0.0484375 0.1640625 0.096875
1 0.51328125 0.5125 0.1203125 0.225
1 0.40234375 0.5328125 0.1734375 0.203125
1 0.76015625 0.5796875 0.1171875 0.1375
1 0.71953125 0.62890625 0.0828125 0.1203125
1 0.659375 0.6703125 0.109375 0.146875
1 0.7625 0.72421875 0.125 0.1171875
1 0.55234375 0.73671875 0.1203125 0.1734375
1 0.665625 0.8515625 0.196875 0.096875
1 0.17109375 0.08828125 0.0859375 0.0765625
