1 0.6359375 0.13359375 0.125 0.1796875
2 0.95 0.17109375 0.1 0.2109375
1 0.084375 0.3125 0.103125 0.15
2 0.56875 0.3578125 0.146875 0.178125
2 0.3546875 0.4328125 0.10625 0.1625
9 0.72578125 0.453125 0.1046875 0.171875
2 0.965625 0.53671875 0.06875 0.1578125
2 0.43671875 0.55234375 0.1046875 0.1390625
2 0.55390625 0.5875 0.1015625 0.2
1 0.4046875 0.0640625 0.13125 0.128125
1 0.22578125 0.64765625 0.1265625 0.1234375
1 0.328125 0.6484375 0.090625 0.14375
2 0.4359375 0.6765625 0.1125 0.115625
2 0.778125 0.71328125 0.125 0.1796875
2 0.50078125 0.76484375 0.1078125 0.1484375
2 0.6328125 0.765625 0.1125 0.140625
0 0.1109375 0.08125 0.10625 0.1625
1 0.3375 0.8078125 0.0875 0.153125
1 0.79609375 0.825 0.1234375 0.1
2 0.4125 0.875 0.1375 0.1625
1 0.928125 0.925 0.084375 0.13125
2 0.48671875 0.93359375 0.1640625 0.1328125
1 0.840625 0.95078125 0.1 0.0984375
0 0.20859375 0.10625 0.0890625 0.159375
