2 0.275 0.15234375 0.140625 0.1796875
0 0.42265625 0.28359375 0.1015625 0.2265625
0 0.190625 0.28515625 0.109375 0.1234375
0 0.34609375 0.3703125 0.0859375 0.1375
0 0.5265625 0.3765625 0.090625 0.134375
0 0.19375 0.40625 0.109375 0.103125
0 0.09453125 0.4453125 0.1171875 0.11875
0 0.3578125 0.525 0.146875 0.14375
0 0.17265625 0.578125 0.1203125 0.140625
0 0.371875 0.7046875 0.10625 0.11875
0 0.428125 0.809375 0.103125 0.109375
2 0.04296875 0.88359375 0.0859375 0.2328125
0 0.4390625 0.9296875 0.153125 0.1375
