0 0.73671875 0.15859375 0.2390625 0.2328125
0 0.3671875 0.16171875 0.153125 0.1078125
0 0.48203125 0.22265625 0.0921875 0.1703125
0 0.17734375 0.228125 0.1078125 0.14375
0 0.39609375 0.3203125 0.0859375 0.1375
0 0.56328125 0.3296875 0.0984375 0.14375
0 0.684375 0.33515625 0.125 0.1046875
0 0.3015625 0.39140625 0.10625 0.1453125
0 0.91875 0.47109375 0.1625 0.1234375
0 0.72265625 0.4734375 0.1296875 0.146875
0 0.41328125 0.4796875 0.1109375 0.178125
0 0.56953125 0.50078125 0.1171875 0.1515625
0 0.21796875 0.60078125 0.1171875 0.1703125
0 0.5 0.06875 0.175 0.090625
0 0.815625 0.696875 0.140625 0.115625
0 0.134375 0.07109375 0.14375 0.1421875
