0 0.725 0.17734375 0.1375 0.1671875
0 0.69765625 0.259375 0.1359375 0.1375
0 0.48125 0.26328125 0.134375 0.1359375
0 0.60703125 0.359375 0.1109375 0.165625
0 0.3875 0.4203125 0.11875 0.19375
0 0.5109375 0.44296875 0.109375 0.1234375
0 0.6890625 0.4546875 0.134375 0.15625
0 0.18984375 0.56875 0.1328125 0.15625
0 0.525 0.58125 0.1375 0.146875
0 0.6875 0.61640625 0.11875 0.1421875
0 0.36796875 0.64609375 0.1265625 0.1296875
0 0.5921875 0.7296875 0.125 0.1375
0 0.30546875 0.7671875 0.1546875 0.134375
0 0.09453125 0.81796875 0.1390625 0.1953125
0 0.40625 0.896875 0.14375 0.1625
0 0.39765625 0.09296875 0.1703125 0.1859375
0 0.8203125 0.11015625 0.11875 0.1640625
