0 0.246875 0.2046875 0.134375 0.1625
0 0.36484375 0.21875 0.0984375 0.115625
0 0.62890625 0.27578125 0.1328125 0.1296875
0 0.50703125 0.3046875 0.0984375 0.115625
0 0.41953125 0.325 0.0984375 0.115625
0 0.7921875 0.35703125 0.090625 0.1390625
0 0.69453125 0.3921875 0.0796875 0.115625
0 0.59140625 0.44140625 0.1109375 0.1203125
0 0.165625 0.49765625 0.125 0.1140625
0 0.49765625 0.54140625 0.1015625 0.1390625
0 0.696875 0.5421875 0.1125 0.1625
0 0.17109375 0.609375 0.1296875 0.109375
0 0.21328125 0.740625 0.1234375 0.171875
0 0.3359375 0.778125 0.11875 0.18125
0 0.5234375 0.79453125 0.128125 0.1296875
0 0.04765625 0.803125 0.0953125 0.15
0 0.68671875 0.81875 0.1640625 0.23125
0 0.2421875 0.9109375 0.13125 0.15625
