1 0.4953125 0.1390625 0.128125 0.096875
1 0.74140625 0.165625 0.0703125 0.128125
1 0.10625 0.1875 0.084375 0.134375
2 0.221875 0.19296875 0.11875 0.1453125
1 0.65 0.26796875 0.08125 0.0859375
3 0.959375 0.26953125 0.08125 0.1703125
2 0.846875 0.29921875 0.15625 0.1515625
2 0.15078125 0.3078125 0.1109375 0.11875
4 0.43984375 0.33046875 0.1703125 0.1953125
0 0.21796875 0.390625 0.0984375 0.134375
1 0.828125 0.41640625 0.125 0.1296875
1 0.2828125 0.43359375 0.05625 0.1234375
1 0.35234375 0.44375 0.0578125 0.10625
1 0.55 0.44375 0.09375 0.153125
0 0.659375 0.47578125 0.134375 0.1546875
1 0.09765625 0.0484375 0.1109375 0.096875
1 0.934375 0.4859375 0.065625 0.153125
2 0.825 0.4921875 0.13125 0.115625
2 0.4359375 0.5609375 0.134375 0.125
1 0.79609375 0.5875 0.1203125 0.1625
0 0.65234375 0.6078125 0.1078125 0.11875
1 0.3296875 0.6234375 0.13125 0.121875
1 0.61171875 0.7171875 0.1171875 0.121875
1 0.30390625 0.0765625 0.0890625 0.09375
1 0.77421875 0.77734375 0.1015625 0.1171875
2 0.49921875 0.81796875 0.1421875 0.1515625
2 0.67421875 0.85703125 0.1109375 0.1453125
