1 0.3609375 0.15078125 0.0875 0.1453125
1 0.11171875 0.17421875 0.1171875 0.1328125
1 0.6828125 0.17421875 0.075 0.1140625
1 0.4875 0.2875 0.08125 0.096875
1 0.846875 0.36875 0.08125 0.128125
1 0.959375 0.4 0.065625 0.090625
1 0.51796875 0.47109375 0.1203125 0.0890625
1 0.5375 0.553125 0.065625 0.08125
1 0.67734375 0.55859375 0.0796875 0.1109375
1 0.0984375 0.5875 0.08125 0.121875
1 0.52734375 0.62265625 0.0671875 0.0828125
1 0.6046875 0.6328125 0.0625 0.084375
1 0.45234375 0.64453125 0.0671875 0.0953125
1 0.38203125 0.65 0.0640625 0.1125
1 0.1890625 0.725 0.078125 0.096875
1 0.1421875 0.77109375 0.075 0.1296875
0 0.825 0.92421875 0.128125 0.1359375
1 0.0703125 0.9515625 0.075 0.08125
1 0.2625 0.95546875 0.08125 0.0890625
