2 0.5203125 0.309375 0.15625 0.184375
2 0.8640625 0.35234375 0.11875 0.1640625
2 0.7578125 0.3796875 0.103125 0.2125
1 0.659375 0.38046875 0.090625 0.1265625
2 0.215625 0.43671875 0.15625 0.1828125
1 0.5140625 0.49296875 0.096875 0.1328125
1 0.09609375 0.5 0.1234375 0.109375
2 0.3609375 0.5375 0.15625 0.184375
2 0.93125 0.55390625 0.121875 0.1765625
2 0.8296875 0.5984375 0.078125 0.109375
1 0.07734375 0.59921875 0.1140625 0.1109375
2 0.95078125 0.7125 0.0984375 0.146875
2 0.32578125 0.7203125 0.1984375 0.1875
2 0.0453125 0.78671875 0.090625 0.1546875
2 0.696875 0.790625 0.1375 0.175
2 0.8703125 0.81171875 0.13125 0.2046875
6 0.5109375 0.8421875 0.18125 0.21875
2 0.61640625 0.93046875 0.1671875 0.1359375
