2 0.02734375 0.1546875 0.0546875 0.209375
1 0.13203125 0.3125 0.1421875 0.128125
2 0.628125 0.41953125 0.1375 0.1890625
1 0.45703125 0.47421875 0.1203125 0.1421875
0 0.19296875 0.48046875 0.0953125 0.1578125
2 0.590625 0.56171875 0.1125 0.1609375
1 0.096875 0.5796875 0.1375 0.146875
2 0.2875 0.63359375 0.140625 0.1703125
0 0.471875 0.6359375 0.13125 0.121875
2 0.034375 0.6625 0.06875 0.159375
2 0.20703125 0.70859375 0.1546875 0.1265625
2 0.65546875 0.7203125 0.1390625 0.165625
2 0.546875 0.8203125 0.075 0.0875
0 0.146875 0.82734375 0.090625 0.1328125
1 0.034375 0.84296875 0.06875 0.2015625
0 0.240625 0.93203125 0.16875 0.1359375
5 0.121875 0.93984375 0.096875 0.1203125
1 0.525 0.97578125 0.090625 0.0484375
