0 0.53203125 0.140625 0.1421875 0.278125
0 0.22265625 0.1765625 0.2234375 0.23125
0 0.6890625 0.4296875 0.125 0.171875
0 0.5671875 0.45625 0.125 0.171875
0 0.20859375 0.45703125 0.1640625 0.1734375
4 0.403125 0.51796875 0.140625 0.1953125
0 0.65859375 0.0609375 0.1234375 0.121875
0 0.471875 0.71328125 0.190625 0.1015625
0 0.64765625 0.721875 0.1109375 0.2625
0 0.2453125 0.84375 0.140625 0.146875
0 0.86171875 0.8609375 0.1796875 0.26875
4 0.7125 0.9390625 0.09375 0.121875
0 0.08203125 0.94765625 0.1359375 0.1046875
