1 0.6515625 0.134375 0.103125 0.165625
1 0.2375 0.15625 0.078125 0.09375
1 0.725 0.184375 0.121875 0.15625
1 0.15859375 0.1859375 0.0984375 0.115625
1 0.91640625 0.2015625 0.0671875 0.14375
1 0.834375 0.2125 0.115625 0.19375
1 0.46875 0.21328125 0.05625 0.0921875
1 0.02890625 0.22109375 0.0578125 0.1171875
1 0.5265625 0.22890625 0.109375 0.1546875
1 0.271875 0.23203125 0.0625 0.0921875
1 0.60390625 0.2484375 0.0609375 0.1125
1 0.4015625 0.2515625 0.084375 0.11875
1 0.90625 0.32421875 0.1 0.1078125
4 0.75625 0.3640625 0.153125 0.153125
1 0.96484375 0.37578125 0.0703125 0.1046875
1 0.546875 0.38203125 0.096875 0.1234375
4 0.34375 0.41171875 0.10625 0.1390625
1 0.21953125 0.41875 0.0921875 0.140625
4 0.89140625 0.42578125 0.0796875 0.1203125
4 0.13203125 0.4453125 0.1078125 0.175
1 0.2171875 0.053125 0.109375 0.103125
4 0.57265625 0.759375 0.1578125 0.128125
4 0.353125 0.76875 0.1875 0.24375
1 0.79453125 0.86953125 0.1015625 0.1484375
1 0.47578125 0.10234375 0.0953125 0.1078125
1 0.88203125 0.10390625 0.1171875 0.1328125
1 0.56328125 0.1171875 0.1109375 0.13125
