0 0.9296875 0.1484375 0.128125 0.140625
0 0.34296875 0.171875 0.1109375 0.16875
0 0.0640625 0.17265625 0.128125 0.1546875
0 0.6359375 0.196875 0.121875 0.146875
0 0.84453125 0.20546875 0.1203125 0.1234375
0 0.38203125 0.2578125 0.1328125 0.14375
0 0.89140625 0.3015625 0.1484375 0.11875
3 0.24140625 0.32265625 0.1484375 0.1265625
0 0.0421875 0.428125 0.075 0.14375
0 0.8359375 0.47578125 0.15625 0.2828125
0 0.3734375 0.48125 0.1125 0.1125
0 0.20859375 0.4828125 0.1234375 0.109375
3 0.50390625 0.54609375 0.1609375 0.2078125
0 0.63984375 0.65546875 0.0890625 0.1265625
0 0.0609375 0.68359375 0.115625 0.1265625
0 0.70625 0.77578125 0.10625 0.1265625
0 0.4671875 0.07890625 0.10625 0.1328125
0 0.37578125 0.81015625 0.1140625 0.1359375
0 0.040625 0.81171875 0.075 0.1359375
0 0.29375 0.88203125 0.121875 0.1109375
0 0.11484375 0.953125 0.0765625 0.09375
