0 0.85546875 0.20859375 0.1109375 0.1734375
0 0.446875 0.2984375 0.103125 0.2
0 0.2859375 0.3140625 0.115625 0.165625
0 0.39296875 0.46796875 0.0953125 0.2171875
0 0.76875 0.46875 0.08125 0.18125
0 0.8265625 0.5015625 0.084375 0.15625
0 0.79609375 0.05703125 0.1015625 0.1140625
3 0.3140625 0.57890625 0.0875 0.2140625
3 0.328125 0.0609375 0.10625 0.121875
0 0.43203125 0.6125 0.1015625 0.103125
0 0.6640625 0.7046875 0.115625 0.146875
0 0.24921875 0.7265625 0.0890625 0.2
0 0.3453125 0.8578125 0.09375 0.28125
3 0.44375 0.8890625 0.125 0.221875
0 0.56171875 0.94375 0.1046875 0.109375
