0 0.92109375 0.140625 0.1265625 0.159375
0 0.47109375 0.278125 0.1234375 0.2
0 0.603125 0.28984375 0.146875 0.1421875
0 0.821875 0.3359375 0.140625 0.1625
0 0.71171875 0.39765625 0.0984375 0.1328125
0 0.95390625 0.45390625 0.0796875 0.1359375
0 0.3359375 0.45546875 0.11875 0.1453125
0 0.56484375 0.45546875 0.1015625 0.1171875
0 0.82734375 0.47734375 0.1109375 0.1296875
0 0.96640625 0.56875 0.0671875 0.121875
0 0.57734375 0.58125 0.1140625 0.134375
0 0.665625 0.584375 0.0875 0.134375
0 0.4375 0.5875 0.121875 0.15
0 0.83046875 0.6 0.1203125 0.115625
0 0.2671875 0.64921875 0.159375 0.2578125
0 0.9359375 0.6578125 0.103125 0.134375
0 0.7359375 0.6765625 0.103125 0.109375
0 0.60078125 0.7109375 0.1015625 0.11875
0 0.490625 0.7125 0.109375 0.134375
0 0.84453125 0.71640625 0.1140625 0.1109375
0 0.37421875 0.72421875 0.0703125 0.0984375
0 0.08515625 0.78828125 0.1703125 0.2859375
0 0.69921875 0.81796875 0.1546875 0.1328125
0 0.8953125 0.83046875 0.15 0.1546875
0 0.25625 0.84609375 0.153125 0.1421875
0 0.39296875 0.8515625 0.1140625 0.146875
0 0.5265625 0.8671875 0.140625 0.2
0 0.8171875 0.09765625 0.096875 0.1921875
0 0.71875 0.1078125 0.115625 0.146875
0 0.58828125 0.11328125 0.1484375 0.1671875
