0 0.6453125 0.1703125 0.18125 0.203125
1 0.0453125 0.171875 0.090625 0.1
0 0.4484375 0.18046875 0.134375 0.2640625
0 0.85703125 0.26015625 0.1578125 0.1984375
0 0.59375 0.303125 0.071875 0.125
1 0.65625 0.30625 0.053125 0.084375
0 0.55546875 0.36171875 0.0859375 0.1328125
0 0.43203125 0.39765625 0.1515625 0.1859375
0 0.5484375 0.49921875 0.1 0.1578125
1 0.9 0.56171875 0.075 0.0890625
1 0.765625 0.590625 0.071875 0.10625
4 0.64765625 0.60078125 0.1046875 0.4234375
0 0.53046875 0.6765625 0.1484375 0.15
0 0.940625 0.1109375 0.103125 0.190625
