3 0.4 0.2171875 0.240625 0.134375
0 0.8859375 0.30390625 0.14375 0.1328125
3 0.340625 0.37109375 0.209375 0.1703125
0 0.66328125 0.44375 0.0890625 0.184375
3 0.878125 0.5046875 0.153125 0.225
3 0.48125 0.57578125 0.228125 0.2171875
0 0.74296875 0.0671875 0.1796875 0.134375
3 0.66328125 0.68984375 0.1328125 0.2640625
0 0.04375 0.715625 0.0875 0.146875
0 0.296875 0.71953125 0.153125 0.3296875
0 0.1390625 0.77734375 0.13125 0.2046875
3 0.41875 0.79140625 0.103125 0.3078125
3 0.51953125 0.81484375 0.1390625 0.3296875
3 0.41953125 0.09375 0.2515625 0.1625
3 0.8375 0.10234375 0.1625 0.2046875
0 0.9484375 0.109375 0.1 0.196875
0 0.95078125 0.11171875 0.0984375 0.1890625
