0 0.3265625 0.19453125 0.128125 0.1328125
0 0.86484375 0.19765625 0.1234375 0.1796875
0 0.72578125 0.25546875 0.1171875 0.1484375
0 0.89921875 0.2828125 0.0859375 0.10625
0 0.3203125 0.3078125 0.128125 0.171875
0 0.07109375 0.34453125 0.1421875 0.1953125
0 0.2140625 0.346875 0.1125 0.171875
0 0.8109375 0.35546875 0.08125 0.1703125
0 0.6046875 0.37890625 0.15 0.1734375
0 0.69375 0.41171875 0.090625 0.1203125
0 0.42734375 0.4828125 0.1328125 0.1875
0 0.9453125 0.48203125 0.109375 0.1421875
0 0.29375 0.50390625 0.14375 0.1796875
3 0.6109375 0.5171875 0.15 0.23125
0 0.82578125 0.51875 0.0859375 0.15625
0 0.73359375 0.55703125 0.0984375 0.1515625
0 0.43828125 0.65859375 0.1203125 0.1203125
0 0.7296875 0.671875 0.103125 0.13125
0 0.16171875 0.79296875 0.1328125 0.1546875
0 0.63984375 0.83515625 0.1140625 0.1578125
0 0.22421875 0.87734375 0.1171875 0.1453125
0 0.534375 0.9328125 0.15625 0.125
0 0.31953125 0.9421875 0.1265625 0.109375
0 0.82109375 0.09765625 0.1171875 0.1421875
0 0.2234375 0.11328125 0.11875 0.1734375
0 0.3734375 0.121875 0.140625 0.109375
