0 0.9609375 0.1890625 0.078125 0.190625
0 0.7203125 0.20859375 0.084375 0.0828125
0 0.34765625 0.23984375 0.1109375 0.1421875
0 0.50390625 0.2828125 0.1140625 0.16875
0 0.584375 0.29140625 0.121875 0.1421875
0 0.02890625 0.3234375 0.0578125 0.171875
0 0.53828125 0.3375 0.0859375 0.128125
0 0.33203125 0.0375 0.1421875 0.075
0 0.14375 0.3671875 0.11875 0.1625
0 0.3125 0.375 0.16875 0.178125
0 0.62421875 0.384375 0.1078125 0.15625
0 0.84140625 0.40234375 0.1109375 0.2203125
0 0.56953125 0.41640625 0.0859375 0.1265625
0 0.42578125 0.5015625 0.1109375 0.090625
0 0.59609375 0.053125 0.0953125 0.10625
0 0.31328125 0.5296875 0.0953125 0.11875
0 0.53828125 0.54375 0.0765625 0.1125
0 0.4015625 0.57265625 0.125 0.1078125
0 0.2203125 0.67265625 0.1 0.1453125
0 0.45625 0.703125 0.090625 0.128125
0 0.040625 0.73125 0.08125 0.15625
0 0.66796875 0.73203125 0.1109375 0.1109375
0 0.5515625 0.76640625 0.10625 0.1265625
0 0.44453125 0.809375 0.0953125 0.0875
0 0.25625 0.08359375 0.1125 0.1390625
0 0.08203125 0.08671875 0.1578125 0.1734375
0 0.07265625 0.91484375 0.1453125 0.1671875
0 0.7765625 0.1140625 0.109375 0.146875
