0 0.38203125 0.15078125 0.1515625 0.1234375
0 0.6625 0.15859375 0.1 0.1109375
0 0.4390625 0.29609375 0.19375 0.1359375
0 0.965625 0.3140625 0.06875 0.184375
0 0.2 0.32109375 0.134375 0.1828125
0 0.59140625 0.37421875 0.1515625 0.1234375
0 0.33203125 0.040625 0.1140625 0.08125
0 0.44609375 0.4234375 0.1171875 0.128125
0 0.27734375 0.4625 0.1171875 0.128125
4 0.440625 0.0484375 0.090625 0.096875
0 0.60078125 0.4859375 0.1109375 0.103125
0 0.93046875 0.528125 0.1140625 0.146875
0 0.41015625 0.54140625 0.1171875 0.1265625
0 0.79921875 0.54921875 0.0890625 0.1484375
0 0.87578125 0.5546875 0.1109375 0.146875
0 0.08984375 0.55546875 0.1109375 0.1296875
0 0.51953125 0.5734375 0.1078125 0.14375
0 0.67265625 0.58828125 0.1015625 0.1140625
0 0.746875 0.6015625 0.103125 0.15
0 0.9734375 0.6078125 0.053125 0.1875
0 0.6125 0.653125 0.121875 0.140625
0 0.48125 0.66640625 0.1125 0.1109375
0 0.25 0.68671875 0.159375 0.1484375
0 0.378125 0.690625 0.08125 0.128125
0 0.08125 0.69140625 0.159375 0.1484375
0 0.8203125 0.71015625 0.075 0.1484375
0 0.6890625 0.7109375 0.125 0.14375
0 0.821875 0.0734375 0.125 0.14375
0 0.86953125 0.7578125 0.0890625 0.146875
0 0.94609375 0.07890625 0.1046875 0.1578125
0 0.9640625 0.78359375 0.071875 0.1578125
0 0.5796875 0.80625 0.096875 0.13125
0 0.4765625 0.8140625 0.115625 0.134375
0 0.14765625 0.82421875 0.1515625 0.1234375
0 0.678125 0.82890625 0.109375 0.1546875
0 0.42890625 0.83359375 0.1203125 0.1265625
0 0.27734375 0.87109375 0.1515625 0.1234375
0 0.7828125 0.890625 0.1125 0.178125
0 0.15390625 0.08984375 0.1640625 0.1796875
0 0.5328125 0.93203125 0.1125 0.1078125
0 0.1484375 0.946875 0.115625 0.103125
0 0.44375 0.9578125 0.11875 0.084375
0 0.62421875 0.959375 0.1421875 0.08125
0 0.6609375 0.11484375 0.146875 0.0953125
0 0.86484375 0.12734375 0.0953125 0.1203125
