0 0.25078125 0.14609375 0.1515625 0.2046875
1 0.10859375 0.1625 0.1046875 0.159375
0 0.8546875 0.20078125 0.096875 0.1765625
0 0.9609375 0.21640625 0.078125 0.1421875
0 0.45625 0.228125 0.1125 0.13125
0 0.40078125 0.2328125 0.1171875 0.159375
0 0.55390625 0.23671875 0.1109375 0.1640625
0 0.653125 0.25234375 0.1375 0.2109375
0 0.25078125 0.29609375 0.1046875 0.1296875
0 0.82421875 0.03125 0.1171875 0.0625
0 0.134375 0.3375 0.134375 0.128125
0 0.9578125 0.3375 0.084375 0.153125
0 0.88828125 0.3390625 0.0953125 0.171875
0 0.66875 0.3703125 0.125 0.178125
0 0.378125 0.37265625 0.128125 0.1421875
0 0.55390625 0.4078125 0.1171875 0.184375
0 0.453125 0.4203125 0.109375 0.18125
0 0.87578125 0.4359375 0.1234375 0.159375
0 0.7703125 0.459375 0.103125 0.15
0 0.959375 0.459375 0.08125 0.1875
0 0.11171875 0.46171875 0.1328125 0.1140625
0 0.39609375 0.046875 0.1140625 0.084375
0 0.25 0.51171875 0.1375 0.1390625
0 0.29921875 0.053125 0.1421875 0.10625
0 0.9125 0.05390625 0.08125 0.1078125
0 0.57421875 0.55625 0.1828125 0.159375
0 0.959375 0.059375 0.075 0.11875
0 0.11640625 0.60390625 0.1296875 0.1578125
0 0.28671875 0.6125 0.1546875 0.134375
0 0.68828125 0.63203125 0.1453125 0.1921875
0 0.41484375 0.634375 0.1171875 0.128125
0 0.03203125 0.66796875 0.0640625 0.2015625
0 0.54296875 0.69921875 0.1109375 0.1578125
0 0.271875 0.740625 0.109375 0.134375
0 0.4796875 0.75859375 0.121875 0.1328125
0 0.16171875 0.771875 0.1421875 0.190625
0 0.38359375 0.790625 0.1015625 0.140625
0 0.6609375 0.80234375 0.115625 0.1390625
0 0.80234375 0.80546875 0.1171875 0.2359375
0 0.2953125 0.8640625 0.09375 0.159375
0 0.0421875 0.88359375 0.08125 0.1328125
0 0.40859375 0.915625 0.1390625 0.11875
0 0.1359375 0.92890625 0.1125 0.1390625
0 0.79296875 0.94609375 0.1703125 0.1078125
0 0.2328125 0.94921875 0.109375 0.0984375
0 0.41953125 0.1109375 0.0921875 0.121875
0 0.759375 0.11875 0.1 0.15625
