1 0.7859375 0.1953125 0.059375 0.075
1 0.025 0.2015625 0.05 0.13125
1 0.121875 0.2015625 0.08125 0.115625
1 0.72109375 0.215625 0.0734375 0.103125
1 0.6421875 0.21875 0.096875 0.134375
1 0.275 0.23671875 0.075 0.1140625
1 0.97890625 0.2375 0.0421875 0.103125
1 0.55390625 0.2484375 0.1078125 0.109375
1 0.19453125 0.26875 0.0953125 0.1
5 0.8421875 0.278125 0.090625 0.15625
1 0.4578125 0.2953125 0.103125 0.121875
1 0.75546875 0.2984375 0.0953125 0.10625
1 0.34921875 0.31953125 0.0859375 0.1421875
1 0.6171875 0.32109375 0.103125 0.1296875
5 0.040625 0.321875 0.08125 0.121875
1 0.2609375 0.34921875 0.0875 0.1234375
1 0.08125 0.375 0.065625 0.125
1 0.18046875 0.375 0.1109375 0.1375
1 0.70234375 0.390625 0.0921875 0.13125
1 0.471875 0.4234375 0.0875 0.128125
1 0.0296875 0.44765625 0.059375 0.1078125
1 0.121875 0.48046875 0.075 0.1421875
5 0.58515625 0.484375 0.1015625 0.121875
1 0.196875 0.48984375 0.1 0.0984375
1 0.26953125 0.5015625 0.1078125 0.11875
1 0.05625 0.5125 0.075 0.15
1 0.45859375 0.55 0.0953125 0.13125
1 0.22890625 0.58203125 0.0859375 0.0796875
1 0.1328125 0.5921875 0.1 0.10625
1 0.02578125 0.59609375 0.0515625 0.1046875
1 0.82109375 0.6 0.1015625 0.134375
1 0.92109375 0.60859375 0.0890625 0.1078125
1 0.3421875 0.62265625 0.13125 0.1640625
1 0.46015625 0.6625 0.1234375 0.103125
1 0.1453125 0.6765625 0.08125 0.09375
1 0.77265625 0.6828125 0.1203125 0.128125
1 0.6671875 0.68359375 0.09375 0.1078125
1 0.25859375 0.69296875 0.0921875 0.1484375
1 0.58125 0.73359375 0.121875 0.1609375
1 0.390625 0.7453125 0.071875 0.11875
1 0.93515625 0.74609375 0.0890625 0.1046875
1 0.4671875 0.77109375 0.090625 0.1265625
1 0.803125 0.78359375 0.109375 0.1328125
1 0.70390625 0.7984375 0.1015625 0.103125
1 0.3078125 0.80703125 0.046875 0.1078125
1 0.23125 0.84296875 0.10625 0.1265625
1 0.02734375 0.84453125 0.0546875 0.1484375
1 0.8671875 0.89140625 0.13125 0.1796875
1 0.371875 0.91953125 0.128125 0.1109375
1 0.6 0.0953125 0.071875 0.1125
1 0.6828125 0.09609375 0.121875 0.1296875
1 0.80546875 0.11328125 0.0828125 0.1109375
1 0.91640625 0.1296875 0.1015625 0.14375
