1 0.29453125 0.15 0.1015625 0.1625
0 0.75859375 0.16640625 0.2234375 0.3046875
1 0.45859375 0.2015625 0.1171875 0.228125
0 0.1921875 0.36953125 0.1375 0.2109375
0 0.328125 0.41953125 0.121875 0.1609375
0 0.55546875 0.42109375 0.0953125 0.1140625
1 0.8578125 0.42890625 0.128125 0.1109375
0 0.4671875 0.4828125 0.09375 0.1125
0 0.5203125 0.60078125 0.09375 0.1140625
0 0.615625 0.634375 0.09375 0.1125
0 0.27578125 0.640625 0.1890625 0.271875
1 0.6078125 0.0859375 0.1 0.115625
0 0.74921875 0.96640625 0.1015625 0.0671875
