0 0.07109375 0.14140625 0.1328125 0.2015625
0 0.92890625 0.21875 0.0921875 0.115625
0 0.84921875 0.22421875 0.0984375 0.1234375
0 0.275 0.2625 0.0875 0.13125
0 0.75625 0.3109375 0.11875 0.109375
0 0.86171875 0.3125 0.0765625 0.11875
0 0.35390625 0.0375 0.0828125 0.075
0 0.76171875 0.3953125 0.0921875 0.11875
0 0.55546875 0.40234375 0.1546875 0.1328125
0 0.1125 0.415625 0.065625 0.121875
0 0.24765625 0.42578125 0.0859375 0.1234375
0 0.80625 0.0453125 0.0875 0.090625
0 0.7890625 0.490625 0.121875 0.1125
0 0.16953125 0.50625 0.0859375 0.103125
0 0.69375 0.61875 0.128125 0.1
0 0.69609375 0.69453125 0.1078125 0.0890625
0 0.78046875 0.71953125 0.1078125 0.0828125
0 0.3046875 0.790625 0.0875 0.13125
3 0.89765625 0.79453125 0.1140625 0.1609375
0 0.64921875 0.79921875 0.0828125 0.1109375
3 0.446875 0.81015625 0.146875 0.1265625
0 0.8 0.8140625 0.109375 0.121875
0 0.7296875 0.8578125 0.1 0.090625
0 0.228125 0.90703125 0.234375 0.1515625
3 0.55625 0.9140625 0.096875 0.15625
0 0.73203125 0.9234375 0.1171875 0.071875
0 0.72109375 0.971875 0.1140625 0.05625
0 0.834375 0.97734375 0.1125 0.0453125
