1 0.42890625 0.146875 0.1578125 0.175
1 0.1390625 0.22890625 0.140625 0.1171875
1 0.44140625 0.034375 0.0953125 0.06875
3 0.415625 0.44453125 0.24375 0.2703125
0 0.84296875 0.478125 0.1765625 0.196875
1 0.62421875 0.52109375 0.1171875 0.1703125
1 0.9390625 0.55859375 0.1125 0.1484375
1 0.790625 0.64375 0.14375 0.140625
1 0.61640625 0.06640625 0.0828125 0.1328125
1 0.33828125 0.68515625 0.1984375 0.1796875
1 0.475 0.72890625 0.11875 0.1453125
7 0.33515625 0.77265625 0.0453125 0.0484375
1 0.05 0.08671875 0.1 0.1734375
1 0.46796875 0.91328125 0.1546875 0.1734375
