6 0.67109375 0.1765625 0.1828125 0.30625
6 0.73984375 0.3 0.2109375 0.3875
3 0.66328125 0.0328125 0.1484375 0.0625
0 0.52265625 0.33359375 0.1609375 0.1234375
0 0.55546875 0.43203125 0.0984375 0.1109375
0 0.30625 0.4703125 0.109375 0.175
0 0.57890625 0.53046875 0.0921875 0.1078125
0 0.69765625 0.56796875 0.1359375 0.1796875
0 0.34453125 0.584375 0.0765625 0.109375
0 0.440625 0.634375 0.128125 0.159375
3 0.2484375 0.6890625 0.23125 0.15625
0 0.1953125 0.8421875 0.128125 0.15
0 0.5328125 0.0953125 0.140625 0.159375
