0 0.61640625 0.13984375 0.1203125 0.1390625
0 0.4 0.2109375 0.11875 0.096875
3 0.5515625 0.26328125 0.11875 0.1328125
0 0.34609375 0.30859375 0.1015625 0.1078125
0 0.328125 0.3921875 0.11875 0.1125
0 0.5734375 0.4203125 0.134375 0.121875
0 0.52265625 0.45078125 0.1109375 0.1640625
0 0.43984375 0.47890625 0.1171875 0.1640625
0 0.2515625 0.48046875 0.125 0.1046875
0 0.5890625 0.553125 0.128125 0.128125
0 0.31796875 0.5953125 0.1359375 0.15
0 0.4546875 0.615625 0.134375 0.121875
0 0.45078125 0.06796875 0.1890625 0.1359375
0 0.5265625 0.709375 0.13125 0.128125
0 0.67109375 0.809375 0.1859375 0.14375
