0 0.1859375 0.15 0.1125 0.153125
0 0.1734375 0.271875 0.096875 0.125
0 0.3140625 0.27890625 0.11875 0.1328125
0 0.27890625 0.4203125 0.1296875 0.1625
0 0.15234375 0.4234375 0.1453125 0.18125
2 0.646875 0.49921875 0.115625 0.1703125
0 0.41640625 0.05625 0.1140625 0.1125
0 0.3140625 0.5796875 0.190625 0.14375
0 0.1578125 0.62265625 0.11875 0.1328125
2 0.53046875 0.625 0.1171875 0.1375
0 0.28203125 0.06484375 0.1140625 0.1296875
0 0.0578125 0.74296875 0.115625 0.2140625
0 0.18125 0.84921875 0.14375 0.2421875
