0 0.08671875 0.171875 0.0953125 0.159375
0 0.259375 0.17421875 0.103125 0.1265625
2 0.621875 0.23671875 0.146875 0.1640625
0 0.31015625 0.27421875 0.1015625 0.1265625
0 0.21171875 0.27890625 0.0859375 0.1171875
0 0.05234375 0.3046875 0.0921875 0.1625
2 0.55546875 0.3921875 0.1046875 0.121875
0 0.26796875 0.41171875 0.1015625 0.1265625
1 0.0796875 0.4546875 0.10625 0.121875
2 0.3234375 0.509375 0.109375 0.121875
1 0.8421875 0.70625 0.1125 0.10625
2 0.12890625 0.76875 0.1453125 0.171875
0 0.3015625 0.80078125 0.1 0.1359375
1 0.86875 0.8421875 0.103125 0.125
0 0.65078125 0.8640625 0.1015625 0.115625
2 0.48125 0.890625 0.13125 0.19375
