0 0.9625 0.13671875 0.075 0.1015625
0 0.73046875 0.146875 0.0890625 0.11875
0 0.24609375 0.153125 0.0796875 0.109375
0 0.0359375 0.18671875 0.071875 0.1359375
0 0.43046875 0.1890625 0.0953125 0.14375
0 0.87421875 0.25078125 0.0921875 0.1484375
0 0.9625 0.2640625 0.071875 0.15625
0 0.696875 0.2828125 0.0875 0.146875
0 0.58359375 0.3359375 0.1171875 0.13125
0 0.34609375 0.3578125 0.0953125 0.14375
0 0.7953125 0.36171875 0.090625 0.1015625
-1 0.6171875 0.42109375 0.08125 0.0828125
0 0.9515625 0.04296875 0.09375 0.0828125
0 0.66484375 0.4546875 0.0796875 0.125
0 0.4953125 0.47265625 0.08125 0.1109375
0 0.34453125 0.53046875 0.0859375 0.1265625
0 0.43125 0.56640625 0.09375 0.1390625
0 0.58046875 0.57421875 0.1015625 0.1265625
0 0.671875 0.578125 0.0875 0.11875
0 0.2828125 0.64296875 0.109375 0.1296875
0 0.80078125 0.65078125 0.0765625 0.1171875
0 0.65625 0.67734375 0.125 0.1078125
0 0.375 0.69140625 0.075 0.1421875
0 0.44296875 0.70234375 0.0609375 0.0921875
0 0.540625 0.734375 0.1125 0.115625
0 0.74140625 0.77734375 0.0734375 0.1140625
0 0.8375 0.778125 0.10625 0.1375
0 0.2890625 0.08359375 0.10625 0.1203125
0 0.53984375 0.8421875 0.1484375 0.1125
0 0.34921875 0.92265625 0.1296875 0.1546875
0 0.13671875 0.1 0.1140625 0.134375
0 0.5171875 0.1296875 0.090625 0.11875
