0 0.13203125 0.15078125 0.1296875 0.1796875
2 0.01953125 0.24140625 0.0390625 0.1734375
5 0.37109375 0.27421875 0.1140625 0.1140625
0 0.52734375 0.3328125 0.1796875 0.1625
2 0.17421875 0.35859375 0.1234375 0.1703125
7 0.8578125 0.3640625 0.065625 0.04375
0 0.284375 0.52421875 0.1125 0.1140625
0 0.58046875 0.6703125 0.1296875 0.190625
0 0.284375 0.70546875 0.075 0.1421875
0 0.46796875 0.76484375 0.0796875 0.1453125
0 0.75859375 0.8421875 0.1296875 0.203125
0 0.396875 0.89609375 0.084375 0.1515625
2 0.88203125 0.90234375 0.0921875 0.1234375
2 0.44375 0.09609375 0.10625 0.1296875
0 0.253125 0.11171875 0.103125 0.1953125
