0 0.16328125 0.15234375 0.1234375 0.1296875
0 0.3671875 0.16015625 0.11875 0.3109375
0 0.0453125 0.2015625 0.090625 0.178125
0 0.52578125 0.234375 0.2078125 0.178125
0 0.1296875 0.27890625 0.09375 0.1359375
0 0.3640625 0.3921875 0.215625 0.178125
0 0.12578125 0.42734375 0.2515625 0.1296875
0 0.17265625 0.04296875 0.1421875 0.0859375
0 0.04375 0.05234375 0.0875 0.1046875
0 0.50390625 0.61953125 0.1078125 0.2140625
0 0.0890625 0.6359375 0.178125 0.271875
0 0.61953125 0.678125 0.1234375 0.128125
0 0.90390625 0.78515625 0.1015625 0.2515625
0 0.8078125 0.85078125 0.10625 0.1140625
0 0.59140625 0.86171875 0.1578125 0.1390625
