1 0.68671875 0.2375 0.1546875 0.146875
1 0.13828125 0.2484375 0.1453125 0.121875
1 0.4203125 0.28671875 0.121875 0.1453125
1 0.17265625 0.33046875 0.2109375 0.1296875
2 0.56484375 0.38203125 0.1546875 0.1484375
2 0.77109375 0.390625 0.1734375 0.165625
1 0.31875 0.40078125 0.14375 0.1796875
1 0.9328125 0.4015625 0.134375 0.178125
1 0.88828125 0.4140625 0.1203125 0.13125
2 0.63515625 0.4296875 0.1484375 0.146875
1 0.31328125 0.0453125 0.1515625 0.090625
5 0.51171875 0.5015625 0.1015625 0.103125
1 0.72734375 0.5140625 0.1171875 0.11875
2 0.4375 0.51875 0.128125 0.171875
5 0.05625 0.53125 0.109375 0.10625
1 0.8296875 0.578125 0.096875 0.15625
2 0.2828125 0.6015625 0.14375 0.2125
2 0.51796875 0.6390625 0.1234375 0.10625
1 0.9265625 0.646875 0.115625 0.16875
1 0.4015625 0.65390625 0.1125 0.1265625
1 0.0484375 0.6765625 0.096875 0.121875
1 0.54609375 0.74921875 0.1046875 0.1078125
1 0.07734375 0.7515625 0.1515625 0.1125
1 0.43046875 0.77421875 0.1234375 0.1109375
2 0.80546875 0.77890625 0.1109375 0.1234375
1 0.678125 0.83984375 0.1375 0.1859375
2 0.85390625 0.853125 0.1203125 0.115625
1 0.9484375 0.86875 0.09375 0.146875
1 0.3203125 0.9390625 0.175 0.121875
1 0.06796875 0.96953125 0.0921875 0.0609375
1 0.11328125 0.125 0.1203125 0.165625
