0 0.88671875 0.221875 0.1203125 0.1375
0 0.30703125 0.25234375 0.0921875 0.1265625
0 0.64765625 0.275 0.0984375 0.13125
0 0.9453125 0.28828125 0.084375 0.1078125
0 0.41328125 0.29140625 0.1171875 0.1484375
0 0.559375 0.3234375 0.071875 0.11875
0 0.5015625 0.32578125 0.084375 0.1328125
0 0.72578125 0.334375 0.0859375 0.10625
0 0.3640625 0.3875 0.0875 0.096875
0 0.29453125 0.3890625 0.0890625 0.121875
0 0.45 0.39296875 0.075 0.0796875
0 0.51015625 0.47421875 0.0890625 0.1328125
0 0.94453125 0.05078125 0.0796875 0.1015625
0 0.20546875 0.496875 0.0765625 0.2
0 0.28671875 0.51953125 0.0890625 0.1390625
0 0.578125 0.53125 0.0875 0.1
0 0.4109375 0.53125 0.11875 0.165625
1 0.76875 0.63359375 0.109375 0.1140625
0 0.5078125 0.63515625 0.075 0.1265625
0 0.20234375 0.73671875 0.0609375 0.2421875
0 0.5640625 0.740625 0.0875 0.1125
0 0.11015625 0.7640625 0.1015625 0.225
0 0.26171875 0.78203125 0.0609375 0.1546875
