0 0.69140625 0.15078125 0.1390625 0.1703125
0 0.3875 0.18515625 0.16875 0.1265625
0 0.92421875 0.2015625 0.1484375 0.196875
0 0.509375 0.2921875 0.125 0.178125
0 0.38046875 0.3171875 0.1171875 0.1375
0 0.0796875 0.321875 0.14375 0.178125
0 0.8796875 0.034375 0.15 0.06875
0 0.26015625 0.36796875 0.1359375 0.1640625
0 0.4484375 0.4953125 0.1 0.128125
0 0.10078125 0.59921875 0.1296875 0.2203125
0 0.546875 0.6859375 0.1 0.115625
0 0.290625 0.70546875 0.1375 0.1828125
0 0.42109375 0.73828125 0.1140625 0.2078125
0 0.66171875 0.7421875 0.1015625 0.134375
0 0.61640625 0.78203125 0.0921875 0.1390625
0 0.09609375 0.85 0.1546875 0.171875
