1 0.4515625 0.19921875 0.075 0.0921875
1 0.36171875 0.21640625 0.1234375 0.1359375
1 0.86328125 0.23984375 0.0703125 0.1296875
1 0.52265625 0.25625 0.1203125 0.146875
1 0.6703125 0.28515625 0.0625 0.0859375
1 0.24140625 0.29140625 0.0703125 0.0859375
1 0.14609375 0.3109375 0.0640625 0.08125
1 0.03203125 0.31796875 0.0609375 0.0984375
1 0.57109375 0.35 0.0734375 0.10625
1 0.49765625 0.378125 0.0828125 0.09375
1 0.90859375 0.378125 0.0703125 0.109375
1 0.36328125 0.3859375 0.0859375 0.103125
1 0.86015625 0.04140625 0.0859375 0.0734375
1 0.2046875 0.43984375 0.10625 0.1203125
1 0.6796875 0.05078125 0.090625 0.1015625
1 0.52421875 0.52578125 0.0734375 0.1015625
1 0.26796875 0.52578125 0.0734375 0.0828125
1 0.77109375 0.53125 0.0796875 0.11875
1 0.7625 0.0546875 0.06875 0.103125
1 0.86015625 0.56171875 0.0734375 0.1015625
1 0.35859375 0.58046875 0.0734375 0.1171875
1 0.14140625 0.63515625 0.0921875 0.0984375
1 0.634375 0.665625 0.096875 0.10625
1 0.215625 0.66640625 0.06875 0.1140625
1 0.30390625 0.7046875 0.0828125 0.115625
1 0.75859375 0.76015625 0.0890625 0.1171875
1 0.6734375 0.8 0.075 0.109375
1 0.596875 0.83828125 0.075 0.1171875
1 0.06953125 0.915625 0.0796875 0.153125
1 0.8046875 0.965625 0.09375 0.06875
1 0.47421875 0.125 0.1046875 0.103125
