0 0.5484375 0.20625 0.18125 0.1875
9 0.82578125 0.24375 0.1515625 0.1375
9 0.96328125 0.2984375 0.0734375 0.196875
0 0.4328125 0.30546875 0.125 0.1703125
0 0.29296875 0.3515625 0.1171875 0.125
0 0.1484375 0.3609375 0.140625 0.128125
9 0.58671875 0.3625 0.1546875 0.165625
8 0.04140625 0.3734375 0.0765625 0.134375
9 0.19140625 0.440625 0.1484375 0.10625
5 0.40703125 0.45546875 0.1265625 0.1078125
8 0.02890625 0.49609375 0.0578125 0.1171875
3 0.5671875 0.50625 0.10625 0.125
3 0.81953125 0.5234375 0.1328125 0.134375
0 0.11640625 0.55234375 0.1296875 0.1421875
9 0.26328125 0.58984375 0.2265625 0.1484375
0 0.68515625 0.59140625 0.1203125 0.1078125
3 0.446875 0.5921875 0.140625 0.15
9 0.4421875 0.07109375 0.146875 0.1421875
0 0.6890625 0.703125 0.14375 0.14375
0 0.54765625 0.70546875 0.1453125 0.1421875
3 0.28828125 0.70703125 0.1765625 0.1265625
0 0.41171875 0.76171875 0.1109375 0.1140625
9 0.06796875 0.771875 0.1328125 0.153125
0 0.834375 0.0875 0.128125 0.140625
9 0.915625 0.08984375 0.09375 0.1421875
0 0.65625 0.10078125 0.14375 0.1328125
0 0.22890625 0.1015625 0.1359375 0.178125
