3 0.321875 0.13359375 0.296875 0.1921875
0 0.5296875 0.1640625 0.1 0.328125
3 0.34921875 0.1671875 0.1890625 0.253125
0 0.1265625 0.25078125 0.103125 0.1734375
0 0.9546875 0.259375 0.090625 0.1375
0 0.2390625 0.321875 0.13125 0.178125
0 0.7859375 0.37109375 0.134375 0.1640625
0 0.6109375 0.384375 0.196875 0.165625
0 0.0734375 0.40234375 0.09375 0.1796875
0 0.1609375 0.428125 0.103125 0.171875
0 0.76875 0.4703125 0.1125 0.096875
0 0.36328125 0.5078125 0.1265625 0.16875
0 0.0578125 0.5234375 0.109375 0.121875
0 0.1265625 0.578125 0.109375 0.121875
0 0.81015625 0.58046875 0.1328125 0.1640625
0 0.71640625 0.646875 0.0984375 0.125
3 0.30625 0.66875 0.178125 0.19375
0 0.87734375 0.74765625 0.1734375 0.1734375
3 0.38671875 0.8953125 0.2765625 0.209375
0 0.10546875 0.90390625 0.1296875 0.1859375
3 0.921875 0.0921875 0.125 0.184375
0 0.78359375 0.12734375 0.1296875 0.2546875
3 0.66484375 0.1296875 0.1265625 0.2125
