0 0.946875 0.19453125 0.103125 0.2171875
0 0.809375 0.22265625 0.140625 0.1765625
0 0.42109375 0.28984375 0.1515625 0.1703125
0 0.25390625 0.36953125 0.1140625 0.2046875
0 0.76015625 0.37421875 0.1046875 0.1390625
0 0.8671875 0.38671875 0.103125 0.1359375
0 0.6515625 0.41796875 0.115625 0.2515625
0 0.14296875 0.43125 0.1140625 0.146875
0 0.37890625 0.49765625 0.0953125 0.1265625
0 0.509375 0.5671875 0.125 0.178125
0 0.284375 0.60078125 0.09375 0.2015625
0 0.909375 0.60625 0.16875 0.171875
0 0.37421875 0.634375 0.0984375 0.1375
0 0.5015625 0.7515625 0.10625 0.121875
0 0.615625 0.7703125 0.121875 0.1375
0 0.9421875 0.775 0.115625 0.115625
0 0.821875 0.81484375 0.128125 0.1171875
0 0.528125 0.86328125 0.1375 0.1140625
0 0.2015625 0.8703125 0.128125 0.140625
