0 0.5921875 0.1578125 0.1 0.11875
0 0.46328125 0.27265625 0.1484375 0.1546875
0 0.31796875 0.334375 0.1171875 0.15625
0 0.93515625 0.3421875 0.1171875 0.165625
0 0.4703125 0.4 0.109375 0.115625
0 0.5828125 0.4234375 0.109375 0.115625
0 0.1484375 0.4890625 0.090625 0.15
0 0.53046875 0.04921875 0.1078125 0.0890625
0 0.4046875 0.51875 0.109375 0.115625
0 0.2453125 0.55703125 0.10625 0.1171875
0 0.63515625 0.6140625 0.1171875 0.121875
0 0.40546875 0.67578125 0.1171875 0.1890625
0 0.2640625 0.68671875 0.109375 0.1046875
0 0.853125 0.759375 0.1 0.128125
0 0.57109375 0.78359375 0.1578125 0.1109375
0 0.30546875 0.7984375 0.0890625 0.10625
0 0.75703125 0.88125 0.1015625 0.1375
0 0.221875 0.91796875 0.146875 0.1328125
0 0.55546875 0.92578125 0.1109375 0.1390625
0 0.89765625 0.1234375 0.1828125 0.225
