0 0.67578125 0.1625 0.1421875 0.115625
0 0.8265625 0.17578125 0.134375 0.1265625
0 0.0921875 0.1890625 0.1 0.15625
0 0.03359375 0.27109375 0.0640625 0.1671875
0 0.3359375 0.28828125 0.10625 0.1734375
0 0.16796875 0.2984375 0.0953125 0.134375
0 0.76171875 0.30625 0.1078125 0.1375
0 0.54765625 0.33203125 0.1078125 0.1140625
0 0.63671875 0.38203125 0.0828125 0.1359375
0 0.87578125 0.3921875 0.1328125 0.159375
0 0.4625 0.4 0.090625 0.20625
0 0.303125 0.45078125 0.10625 0.1390625
0 0.67890625 0.509375 0.1140625 0.146875
0 0.80078125 0.053125 0.1109375 0.10625
0 0.9359375 0.5640625 0.128125 0.15625
0 0.2234375 0.5984375 0.09375 0.16875
0 0.44375 0.63984375 0.15 0.1703125
0 0.315625 0.66640625 0.08125 0.1703125
0 0.134375 0.678125 0.103125 0.184375
0 0.67578125 0.68359375 0.1671875 0.1734375
0 0.1734375 0.0796875 0.115625 0.1125
0 0.51015625 0.8375 0.1328125 0.0875
0 0.66953125 0.91640625 0.1640625 0.1171875
0 0.36015625 0.91640625 0.1390625 0.1640625
0 0.1203125 0.925 0.23125 0.146875
0 0.33046875 0.12890625 0.1203125 0.1453125
