1 0.359375 0.153125 0.125 0.13125
1 0.1453125 0.2890625 0.103125 0.11875
1 0.2828125 0.30859375 0.15 0.1328125
0 0.7390625 0.40625 0.184375 0.271875
3 0.11796875 0.43515625 0.1453125 0.2203125
1 0.46171875 0.046875 0.0984375 0.09375
0 0.32421875 0.50703125 0.1078125 0.1734375
0 0.42421875 0.57734375 0.1015625 0.1984375
3 0.17890625 0.609375 0.1265625 0.31875
3 0.26328125 0.6859375 0.1765625 0.20625
1 0.4546875 0.75625 0.09375 0.1375
3 0.71171875 0.7640625 0.2953125 0.203125
3 0.29375 0.83046875 0.29375 0.1453125
0 0.13984375 0.0859375 0.1328125 0.165625
