1 0.2578125 0.2203125 0.153125 0.153125
0 0.47890625 0.24375 0.0609375 0.103125
0 0.41953125 0.24453125 0.0671875 0.1140625
0 0.65703125 0.3109375 0.1328125 0.15
0 0.728125 0.43125 0.13125 0.18125
0 0.5609375 0.44140625 0.10625 0.2109375
0 0.45390625 0.4453125 0.1046875 0.23125
0 0.24921875 0.459375 0.1203125 0.153125
1 0.9375 0.47734375 0.10625 0.1453125
0 0.36171875 0.4890625 0.1015625 0.1625
0 0.81328125 0.51015625 0.1140625 0.1359375
0 0.6625 0.5765625 0.096875 0.15625
0 0.03359375 0.59140625 0.0671875 0.2078125
0 0.5609375 0.60234375 0.10625 0.1203125
0 0.17265625 0.60390625 0.1078125 0.1265625
0 0.9390625 0.61640625 0.11875 0.1203125
1 0.45546875 0.66953125 0.1359375 0.1828125
1 0.284375 0.071875 0.184375 0.14375
0 0.3203125 0.7203125 0.146875 0.3
0 0.821875 0.7203125 0.125 0.196875
0 0.14765625 0.74375 0.1734375 0.153125
1 0.67265625 0.75546875 0.1359375 0.1296875
1 0.6859375 0.88125 0.14375 0.1375
