2 0.25703125 0.1609375 0.1390625 0.14375
1 0.74453125 0.16953125 0.1109375 0.1359375
2 0.91015625 0.21328125 0.1671875 0.2609375
0 0.17890625 0.23359375 0.1046875 0.1703125
2 0.096875 0.27265625 0.1375 0.1859375
0 0.50390625 0.41796875 0.1578125 0.1859375
2 0.209375 0.42578125 0.1375 0.1390625
0 0.35078125 0.4625 0.1234375 0.271875
2 0.0796875 0.57109375 0.159375 0.3140625
3 0.865625 0.58984375 0.26875 0.1453125
0 0.5609375 0.75859375 0.1 0.1265625
1 0.353125 0.81171875 0.1125 0.1390625
2 0.9390625 0.83046875 0.121875 0.1640625
0 0.80703125 0.84140625 0.0859375 0.1734375
1 0.69453125 0.865625 0.1078125 0.125
