5 0.36015625 0.1328125 0.0859375 0.15
0 0.2671875 0.22734375 0.10625 0.3546875
0 0.8234375 0.35390625 0.109375 0.1265625
5 0.45234375 0.4125 0.0859375 0.134375
0 0.6625 0.45 0.109375 0.140625
5 0.346875 0.48203125 0.103125 0.1078125
0 0.86796875 0.51796875 0.1171875 0.1578125
0 0.5828125 0.5328125 0.103125 0.115625
0 0.43359375 0.66015625 0.1046875 0.1234375
1 0.5171875 0.06796875 0.146875 0.1359375
0 0.28984375 0.67734375 0.1421875 0.2734375
0 0.54765625 0.6828125 0.0921875 0.146875
0 0.38046875 0.8828125 0.1296875 0.178125
0 0.46796875 0.925 0.1078125 0.128125
