0 0.2140625 0.19375 0.1125 0.103125
0 0.83125 0.2984375 0.1125 0.175
0 0.21640625 0.31953125 0.0890625 0.0921875
0 0.70078125 0.0328125 0.1265625 0.065625
0 0.60859375 0.36953125 0.0671875 0.1421875
0 0.33515625 0.38515625 0.1046875 0.1171875
0 0.521875 0.40078125 0.0875 0.1234375
0 0.18828125 0.41328125 0.0890625 0.0921875
0 0.7828125 0.5015625 0.103125 0.128125
0 0.51484375 0.5078125 0.0890625 0.103125
0 0.3703125 0.55078125 0.109375 0.0859375
0 0.490625 0.6109375 0.08125 0.090625
0 0.3296875 0.63984375 0.090625 0.1390625
0 0.23515625 0.07109375 0.1109375 0.1421875
0 0.37734375 0.7046875 0.0921875 0.103125
0 0.778125 0.70703125 0.109375 0.1390625
0 0.53046875 0.72421875 0.1046875 0.1234375
0 0.13203125 0.77109375 0.0640625 0.1390625
0 0.59296875 0.82265625 0.1421875 0.1296875
0 0.1671875 0.84375 0.1 0.140625
0 0.74375 0.12578125 0.171875 0.1140625
