1 0.20546875 0.1375 0.1171875 0.140625
0 0.08203125 0.196875 0.1109375 0.13125
0 0.53828125 0.2203125 0.0953125 0.196875
0 0.71015625 0.2796875 0.0984375 0.15
0 0.1765625 0.2921875 0.084375 0.178125
1 0.93671875 0.04140625 0.1265625 0.0828125
0 0.1234375 0.4421875 0.125 0.140625
0 0.58203125 0.44609375 0.1203125 0.1671875
0 0.7296875 0.46015625 0.1125 0.1734375
0 0.21796875 0.540625 0.1328125 0.165625
0 0.1140625 0.55625 0.115625 0.11875
0 0.3296875 0.5984375 0.1125 0.140625
0 0.75 0.62421875 0.3 0.1734375
2 0.4515625 0.64140625 0.10625 0.2921875
1 0.94140625 0.753125 0.1109375 0.125
0 0.196875 0.82890625 0.09375 0.1171875
0 0.378125 0.83046875 0.103125 0.1640625
2 0.47734375 0.87265625 0.1140625 0.1734375
0 0.709375 0.09375 0.171875 0.16875
2 0.58359375 0.128125 0.1234375 0.14375
