0 0.53203125 0.13515625 0.0703125 0.1140625
0 0.24140625 0.16171875 0.1171875 0.1734375
0 0.5640625 0.22890625 0.10625 0.0796875
0 0.39453125 0.24453125 0.0890625 0.1328125
1 0.81015625 0.30234375 0.0859375 0.1234375
0 0.0421875 0.31328125 0.084375 0.1671875
0 0.578125 0.3671875 0.078125 0.1125
0 0.48671875 0.37734375 0.0921875 0.1515625
1 0.3796875 0.39296875 0.109375 0.1015625
0 0.7625 0.39609375 0.103125 0.0953125
0 0.92421875 0.446875 0.1421875 0.178125
0 0.56875 0.49296875 0.1 0.1390625
0 0.1875 0.05 0.09375 0.1
0 0.43203125 0.50703125 0.0890625 0.1078125
1 0.2671875 0.5203125 0.115625 0.10625
0 0.8046875 0.59140625 0.15 0.1890625
1 0.02890625 0.69296875 0.0578125 0.1921875
0 0.38984375 0.7203125 0.0984375 0.134375
1 0.5640625 0.80625 0.096875 0.159375
0 0.38203125 0.8578125 0.1671875 0.140625
0 0.05 0.884375 0.1 0.15
0 0.70390625 0.09140625 0.0984375 0.1421875
0 0.73125 0.9046875 0.075 0.153125
0 0.796875 0.09609375 0.08125 0.1578125
0 0.25 0.96171875 0.121875 0.0765625
0 0.08828125 0.1 0.0953125 0.1625
0 0.8609375 0.1109375 0.10625 0.103125
