3 0.184375 0.30234375 0.24375 0.2578125
0 0.72890625 0.3671875 0.1265625 0.196875
0 0.53359375 0.41796875 0.1953125 0.2390625
0 0.190625 0.47109375 0.115625 0.1265625
0 0.68671875 0.5328125 0.1046875 0.15625
0 0.3875 0.54921875 0.090625 0.1640625
0 0.32421875 0.05703125 0.1171875 0.1140625
0 0.5984375 0.62109375 0.096875 0.2046875
0 0.7125 0.68515625 0.078125 0.1265625
0 0.353125 0.72890625 0.090625 0.1640625
0 0.49375 0.81484375 0.090625 0.1640625
0 0.39375 0.871875 0.09375 0.134375
0 0.1546875 0.87734375 0.171875 0.1796875
0 0.9265625 0.94921875 0.115625 0.1015625
0 0.8421875 0.10703125 0.128125 0.2109375
0 0.7 0.1265625 0.125 0.1625
