0 0.6921875 0.134375 0.1125 0.096875
1 0.83046875 0.16640625 0.0765625 0.0921875
1 0.9546875 0.1859375 0.090625 0.140625
0 0.0375 0.18671875 0.075 0.1015625
1 0.3859375 0.20234375 0.09375 0.1078125
1 0.8421875 0.2359375 0.096875 0.0875
1 0.30390625 0.2515625 0.1234375 0.13125
0 0.215625 0.28359375 0.09375 0.0953125
0 0.9203125 0.30234375 0.103125 0.1203125
0 0.8109375 0.38671875 0.128125 0.1265625
0 0.0265625 0.4015625 0.053125 0.09375
0 0.19765625 0.41328125 0.1140625 0.1328125
1 0.44375 0.42421875 0.0875 0.1453125
0 0.79375 0.50625 0.153125 0.128125
0 0.06796875 0.50703125 0.0796875 0.0703125
0 0.5796875 0.5609375 0.1375 0.25
1 0.20703125 0.5921875 0.0828125 0.075
1 0.46796875 0.61796875 0.1015625 0.1390625
0 0.08828125 0.64296875 0.1265625 0.0921875
1 0.22578125 0.6984375 0.0703125 0.075
0 0.903125 0.7125 0.1125 0.165625
1 0.16328125 0.71328125 0.0484375 0.0640625
0 0.56328125 0.77578125 0.1453125 0.1546875
0 0.8015625 0.78671875 0.109375 0.1296875
0 0.5765625 0.08359375 0.128125 0.1265625
1 0.140625 0.8671875 0.05625 0.071875
4 0.21796875 0.86875 0.0921875 0.15
0 0.05546875 0.8734375 0.1109375 0.115625
0 0.9265625 0.88046875 0.1375 0.1578125
0 0.7953125 0.88671875 0.1125 0.1328125
0 0.44375 0.109375 0.13125 0.1875
0 0.27421875 0.12421875 0.1328125 0.1078125
