0 0.1984375 0.15625 0.19375 0.159375
3 0.89140625 0.1890625 0.2015625 0.175
3 0.48515625 0.2546875 0.2421875 0.1625
9 0.78984375 0.2875 0.2453125 0.159375
5 0.10078125 0.3328125 0.2015625 0.1625
0 0.109375 0.0421875 0.08125 0.084375
3 0.9046875 0.43984375 0.165625 0.1640625
0 0.315625 0.5546875 0.146875 0.146875
3 0.55625 0.57109375 0.14375 0.3671875
0 0.4171875 0.67109375 0.13125 0.1578125
3 0.78046875 0.765625 0.2171875 0.16875
0 0.621875 0.07890625 0.19375 0.1578125
3 0.55859375 0.81953125 0.1984375 0.2140625
0 0.934375 0.87421875 0.13125 0.1578125
