0 0.1109375 0.23828125 0.221875 0.3171875
0 0.63125 0.26875 0.328125 0.253125
0 0.09140625 0.03828125 0.1296875 0.0765625
0 0.86171875 0.55625 0.1921875 0.1375
0 0.71484375 0.578125 0.1015625 0.2125
0 0.60078125 0.58671875 0.1265625 0.1953125
0 0.3984375 0.6375 0.103125 0.146875
0 0.6609375 0.06875 0.228125 0.1375
3 0.08984375 0.6921875 0.1609375 0.1875
0 0.896875 0.70390625 0.125 0.1515625
0 0.490625 0.728125 0.125 0.115625
0 0.61328125 0.740625 0.1203125 0.115625
0 0.31875 0.7828125 0.128125 0.115625
0 0.8109375 0.79609375 0.090625 0.1578125
0 0.425 0.08046875 0.2375 0.1453125
0 0.7203125 0.83515625 0.090625 0.1578125
0 0.03671875 0.8453125 0.0671875 0.13125
0 0.32578125 0.88984375 0.2109375 0.1390625
0 0.09140625 0.9046875 0.0828125 0.121875
0 0.1390625 0.965625 0.103125 0.06875
