0 0.87734375 0.165625 0.0890625 0.13125
0 0.85 0.328125 0.0875 0.103125
0 0.0578125 0.35 0.115625 0.146875
0 0.18046875 0.38671875 0.1015625 0.1203125
0 0.35 0.41171875 0.065625 0.1203125
0 0.75703125 0.4234375 0.0703125 0.1
0 0.93046875 0.4703125 0.1015625 0.146875
0 0.778125 0.48046875 0.1125 0.1078125
0 0.85859375 0.6203125 0.0984375 0.140625
0 0.04765625 0.646875 0.0953125 0.125
0 0.28984375 0.6625 0.1140625 0.16875
0 0.40546875 0.72109375 0.0890625 0.1484375
0 0.14765625 0.7453125 0.1046875 0.1375
0 0.70078125 0.746875 0.0796875 0.115625
0 0.55234375 0.78515625 0.1171875 0.1890625
1 0.83984375 0.83671875 0.1234375 0.1015625
0 0.12421875 0.88125 0.1078125 0.115625
0 0.3046875 0.88515625 0.1125 0.1203125
0 0.65234375 0.9 0.1109375 0.1375
0 0.2328125 0.94765625 0.09375 0.1046875
