2 0.63125 0.19140625 0.171875 0.1578125
0 0.81484375 0.20546875 0.1359375 0.1359375
2 0.3625 0.228125 0.128125 0.1375
0 0.340625 0.34765625 0.20625 0.1453125
2 0.93359375 0.409375 0.0953125 0.125
0 0.5765625 0.4609375 0.2125 0.178125
0 0.17578125 0.48671875 0.0953125 0.1546875
2 0.0359375 0.4984375 0.071875 0.23125
0 0.35 0.5234375 0.125 0.18125
0 0.08671875 0.578125 0.0640625 0.1625
3 0.53046875 0.640625 0.2609375 0.159375
0 0.4625 0.77109375 0.10625 0.1296875
1 0.4953125 0.08515625 0.11875 0.1640625
0 0.3125 0.8671875 0.171875 0.18125
2 0.87734375 0.903125 0.1515625 0.19375
0 0.53359375 0.93984375 0.1234375 0.1203125
