1 0.26953125 0.13046875 0.0984375 0.1140625
1 0.05078125 0.13671875 0.0953125 0.0890625
1 0.5875 0.15859375 0.090625 0.1171875
1 0.778125 0.165625 0.1125 0.134375
1 0.19140625 0.18828125 0.1203125 0.1421875
1 0.4390625 0.203125 0.084375 0.103125
1 0.721875 0.21171875 0.109375 0.1328125
1 0.53046875 0.02265625 0.0890625 0.0453125
1 0.275 0.228125 0.08125 0.103125
1 0.5125 0.23125 0.078125 0.153125
1 0.37421875 0.2375 0.0984375 0.08125
1 0.06796875 0.23828125 0.0921875 0.1359375
1 0.9703125 0.24375 0.059375 0.109375
1 0.58359375 0.28125 0.0890625 0.15625
1 0.6609375 0.28515625 0.06875 0.1796875
1 0.21328125 0.0296875 0.1359375 0.059375
1 0.46953125 0.03125 0.0703125 0.0625
1 0.47109375 0.3109375 0.0828125 0.14375
1 0.1296875 0.31484375 0.06875 0.1265625
1 0.19453125 0.3171875 0.0890625 0.10625
1 0.71953125 0.31875 0.0796875 0.09375
1 0.3484375 0.0328125 0.075 0.065625
1 0.32734375 0.32734375 0.0953125 0.1234375
1 0.05859375 0.34296875 0.0765625 0.1109375
1 0.4109375 0.36015625 0.1125 0.1640625
1 0.06171875 0.03671875 0.1078125 0.0734375
1 0.96484375 0.37265625 0.0703125 0.1609375
1 0.803125 0.3765625 0.075 0.1125
1 0.953125 0.03984375 0.09375 0.0796875
1 0.24375 0.39140625 0.096875 0.0921875
1 0.7203125 0.40625 0.10625 0.109375
1 0.88359375 0.4203125 0.1203125 0.121875
1 0.1375 0.4234375 0.09375 0.084375
1 0.5734375 0.4359375 0.121875 0.10625
1 0.04765625 0.45234375 0.0953125 0.1265625
1 0.2015625 0.475 0.065625 0.08125
1 0.47109375 0.4828125 0.0921875 0.10625
1 0.63125 0.49140625 0.09375 0.1203125
1 0.278125 0.4953125 0.121875 0.13125
1 0.7359375 0.503125 0.09375 0.096875
1 0.821875 0.50625 0.090625 0.125
1 0.89765625 0.5375 0.1140625 0.1
1 0.12109375 0.54140625 0.1046875 0.1390625
1 0.36796875 0.5609375 0.1109375 0.1625
1 0.03984375 0.56875 0.0796875 0.1375
1 0.7234375 0.58828125 0.115625 0.1265625
1 0.26328125 0.58984375 0.0765625 0.0984375
1 0.96953125 0.6109375 0.0609375 0.146875
1 0.13828125 0.64765625 0.0953125 0.1265625
1 0.57109375 0.665625 0.1046875 0.103125
1 0.8515625 0.6734375 0.115625 0.153125
1 0.74921875 0.68359375 0.0890625 0.1171875
1 0.05 0.70078125 0.090625 0.1234375
1 0.43125 0.71953125 0.084375 0.1484375
1 0.3609375 0.725 0.103125 0.1375
1 0.284375 0.73828125 0.1 0.1234375
1 0.9765625 0.7421875 0.046875 0.115625
1 0.09296875 0.79453125 0.0921875 0.1421875
1 0.63984375 0.7984375 0.0765625 0.178125
1 0.55859375 0.803125 0.0921875 0.125
1 0.72578125 0.08046875 0.0890625 0.1515625
1 0.73671875 0.81171875 0.1390625 0.1390625
1 0.22265625 0.8296875 0.0765625 0.1375
1 0.30078125 0.8375 0.0859375 0.13125
1 0.36484375 0.84296875 0.0984375 0.1109375
1 0.8828125 0.8671875 0.0875 0.090625
1 0.0359375 0.88671875 0.071875 0.0921875
1 0.4046875 0.89453125 0.090625 0.1234375
1 0.78203125 0.89765625 0.0859375 0.1203125
1 0.865625 0.09140625 0.096875 0.0953125
1 0.540625 0.9046875 0.075 0.10625
1 0.5203125 0.09296875 0.109375 0.0921875
1 0.1609375 0.09375 0.10625 0.09375
1 0.70625 0.9296875 0.075 0.103125
1 0.12578125 0.9390625 0.1140625 0.121875
1 0.6265625 0.9453125 0.1 0.109375
1 0.4484375 0.94765625 0.11875 0.1046875
1 0.821875 0.9484375 0.128125 0.103125
1 0.26328125 0.94921875 0.1203125 0.1015625
1 0.35234375 0.11484375 0.1140625 0.1703125
1 0.4234375 0.115625 0.08125 0.115625
1 0.95859375 0.1234375 0.0828125 0.115625
1 0.63515625 0.12578125 0.0921875 0.1171875
