1 0.37890625 0.34296875 0.1328125 0.1859375
1 0.51328125 0.03984375 0.1515625 0.0796875
1 0.85234375 0.3921875 0.2015625 0.146875
1 0.0890625 0.45234375 0.178125 0.1265625
1 0.653125 0.50234375 0.171875 0.1203125
1 0.21484375 0.58046875 0.1140625 0.1203125
1 0.57578125 0.603125 0.1265625 0.134375
1 0.51640625 0.7046875 0.1328125 0.103125
1 0.92734375 0.72421875 0.1453125 0.1328125
1 0.32734375 0.7265625 0.2296875 0.171875
1 0.9171875 0.86796875 0.165625 0.1328125
1 0.19140625 0.89765625 0.1359375 0.2046875
1 0.4859375 0.9078125 0.171875 0.18125
1 0.3609375 0.91015625 0.175 0.1421875
1 0.68359375 0.9109375 0.1484375 0.178125
