1 0.66796875 0.19765625 0.1765625 0.1359375
1 0.67265625 0.35625 0.1015625 0.18125
1 0.13515625 0.384375 0.1484375 0.24375
1 0.5828125 0.41015625 0.125 0.2109375
1 0.709375 0.490625 0.128125 0.16875
1 0.47578125 0.546875 0.1046875 0.178125
1 0.72890625 0.64453125 0.1140625 0.1203125
1 0.5 0.68125 0.165625 0.121875
1 0.63984375 0.70546875 0.0984375 0.1953125
1 0.45625 0.8140625 0.128125 0.165625
1 0.65703125 0.0828125 0.1203125 0.15625
1 0.38203125 0.91953125 0.1265625 0.1578125
1 0.253125 0.09296875 0.171875 0.1859375
