0 0.4859375 0.253125 0.09375 0.15
0 0.68515625 0.35234375 0.1015625 0.1734375
0 0.3421875 0.3578125 0.1875 0.171875
1 0.19453125 0.40859375 0.1328125 0.1953125
0 0.5921875 0.4328125 0.0875 0.121875
0 0.86171875 0.49921875 0.1078125 0.1171875
0 0.4640625 0.54375 0.109375 0.1375
0 0.3484375 0.55078125 0.1125 0.1890625
0 0.80390625 0.57421875 0.0921875 0.1359375
0 0.9390625 0.6109375 0.121875 0.10625
0 0.87265625 0.68359375 0.0890625 0.0859375
0 0.36640625 0.7328125 0.1421875 0.165625
0 0.32265625 0.89296875 0.0921875 0.1046875
0 0.44296875 0.90546875 0.1234375 0.1859375
0 0.36640625 0.09921875 0.1109375 0.1265625
