3 0.92109375 0.2953125 0.1578125 0.146875
0 0.66484375 0.33359375 0.1296875 0.1046875
0 0.92578125 0.4765625 0.1296875 0.103125
0 0.5875 0.51328125 0.078125 0.1109375
0 0.2265625 0.06171875 0.0875 0.1203125
0 0.39453125 0.0640625 0.1015625 0.128125
3 0.4390625 0.6453125 0.134375 0.215625
0 0.2953125 0.73828125 0.15625 0.1640625
3 0.115625 0.7578125 0.2 0.109375
3 0.8 0.77265625 0.215625 0.1421875
0 0.3875 0.859375 0.0875 0.11875
0 0.14765625 0.86875 0.1640625 0.1125
0 0.66484375 0.0875 0.1015625 0.153125
0 0.78828125 0.88203125 0.1046875 0.1453125
0 0.94765625 0.0890625 0.1046875 0.14375
