3 0.80546875 0.190625 0.1171875 0.178125
4 0.37265625 0.20078125 0.0953125 0.2109375
3 0.62109375 0.2421875 0.0859375 0.253125
3 0.52265625 0.26171875 0.1171875 0.2515625
3 0.1953125 0.35390625 0.18125 0.2484375
3 0.703125 0.39296875 0.090625 0.2171875
3 0.609375 0.43046875 0.09375 0.1546875
3 0.46796875 0.48046875 0.1234375 0.2046875
3 0.80625 0.50546875 0.15 0.2015625
3 0.29921875 0.55546875 0.1265625 0.2703125
4 0.34375 0.0609375 0.18125 0.121875
3 0.121875 0.6078125 0.24375 0.240625
4 0.5484375 0.62890625 0.09375 0.1859375
4 0.3859375 0.63125 0.128125 0.171875
4 0.390625 0.79609375 0.153125 0.1640625
3 0.28671875 0.1265625 0.0703125 0.146875
