1 0.2328125 0.14140625 0.06875 0.1109375
1 0.74921875 0.1421875 0.0859375 0.084375
1 0.49140625 0.15234375 0.0859375 0.1234375
1 0.5640625 0.15234375 0.05625 0.0703125
1 0.290625 0.1640625 0.059375 0.115625
1 0.40078125 0.17109375 0.0640625 0.0796875
1 0.12734375 0.17265625 0.0765625 0.1078125
1 0.05546875 0.2 0.1015625 0.11875
1 0.89375 0.21328125 0.075 0.0859375
1 0.72578125 0.21484375 0.1140625 0.0921875
1 0.6375 0.2359375 0.053125 0.05625
1 0.80390625 0.24765625 0.0859375 0.0921875
1 0.328125 0.25078125 0.084375 0.0796875
1 0.57109375 0.2640625 0.0546875 0.08125
1 0.50234375 0.2796875 0.1078125 0.121875
1 0.884375 0.29453125 0.075 0.0859375
1 0.0390625 0.30390625 0.078125 0.1046875
1 0.753125 0.30703125 0.075 0.0859375
1 0.13046875 0.31328125 0.0765625 0.1078125
1 0.6375 0.32109375 0.053125 0.0703125
1 0.3953125 0.33671875 0.084375 0.1109375
1 0.28203125 0.35078125 0.0859375 0.0796875
1 0.6828125 0.36484375 0.128125 0.0828125
1 0.58125 0.37109375 0.078125 0.0671875
1 0.02421875 0.4109375 0.0484375 0.09375
1 0.18984375 0.41171875 0.0765625 0.1078125
1 0.0765625 0.4203125 0.071875 0.090625
1 0.27265625 0.42890625 0.0859375 0.0734375
1 0.38125 0.46953125 0.096875 0.1234375
1 0.0140625 0.48125 0.028125 0.078125
1 0.05390625 0.51015625 0.0484375 0.1015625
1 0.28828125 0.51171875 0.0859375 0.1421875
1 0.446875 0.51640625 0.115625 0.1015625
1 0.1125 0.534375 0.078125 0.078125
1 0.025 0.55625 0.05 0.065625
1 0.19609375 0.61015625 0.0765625 0.1078125
1 0.4484375 0.615625 0.090625 0.10625
1 0.315625 0.6265625 0.075 0.1125
1 0.66953125 0.64609375 0.0703125 0.1109375
0 0.8640625 0.678125 0.125 0.1375
1 0.13359375 0.68046875 0.0921875 0.1046875
0 0.5640625 0.6859375 0.125 0.1375
1 0.02421875 0.6890625 0.0484375 0.08125
1 0.30703125 0.7171875 0.0828125 0.090625
1 0.228125 0.72109375 0.078125 0.0765625
1 0.0921875 0.7234375 0.078125 0.078125
1 0.03671875 0.753125 0.0703125 0.078125
1 0.3640625 0.75390625 0.0625 0.1046875
1 0.5453125 0.0765625 0.09375 0.090625
1 0.16484375 0.78828125 0.0609375 0.0609375
1 0.28515625 0.7890625 0.0546875 0.06875
1 0.2234375 0.79140625 0.0625 0.0734375
1 0.02734375 0.7984375 0.0546875 0.0875
1 0.4015625 0.8109375 0.078125 0.078125
1 0.0859375 0.81171875 0.075 0.0921875
1 0.6328125 0.0828125 0.090625 0.09375
1 0.09609375 0.8875 0.0703125 0.0625
0 0.23125 0.896875 0.1375 0.1375
1 0.71015625 0.08984375 0.0765625 0.0796875
0 0.38046875 0.90078125 0.1453125 0.1015625
1 0.02265625 0.9109375 0.0453125 0.103125
1 0.06015625 0.9359375 0.0609375 0.065625
1 0.5609375 0.93984375 0.084375 0.1109375
1 0.3609375 0.10234375 0.103125 0.0796875
1 0.90859375 0.1109375 0.0828125 0.115625
1 0.9734375 0.1109375 0.053125 0.134375
