1 0.28984375 0.140625 0.1078125 0.13125
1 0.81953125 0.15390625 0.0859375 0.1453125
1 0.0703125 0.159375 0.10625 0.109375
1 0.47265625 0.18203125 0.0984375 0.1328125
1 0.66171875 0.19765625 0.1140625 0.1453125
1 0.1109375 0.25625 0.0875 0.1125
1 0.3296875 0.27109375 0.109375 0.1359375
1 0.66484375 0.28515625 0.1046875 0.1078125
1 0.52109375 0.34140625 0.1140625 0.1984375
1 0.8390625 0.35390625 0.09375 0.1453125
1 0.42890625 0.3765625 0.0703125 0.121875
1 0.1296875 0.39453125 0.096875 0.1109375
1 0.2484375 0.41640625 0.128125 0.1796875
1 0.3453125 0.4625 0.0875 0.121875
1 0.6921875 0.48046875 0.096875 0.1171875
1 0.86171875 0.484375 0.1296875 0.109375
1 0.59609375 0.49375 0.1046875 0.128125
1 0.434375 0.04921875 0.10625 0.0984375
1 0.34296875 0.05859375 0.0984375 0.1015625
1 0.56171875 0.5875 0.0953125 0.128125
1 0.2359375 0.59609375 0.0875 0.1046875
1 0.48125 0.603125 0.084375 0.121875
1 0.8296875 0.61875 0.096875 0.121875
1 0.071875 0.6328125 0.096875 0.15625
1 0.30703125 0.640625 0.0859375 0.0875
1 0.10703125 0.65234375 0.1328125 0.2109375
1 0.396875 0.678125 0.1 0.153125
1 0.70625 0.69921875 0.109375 0.1234375
1 0.6921875 0.0703125 0.08125 0.115625
1 0.2703125 0.70859375 0.084375 0.1203125
1 0.853125 0.734375 0.090625 0.125
1 0.665625 0.803125 0.11875 0.1375
1 0.075 0.8046875 0.08125 0.140625
1 0.80390625 0.8125 0.0828125 0.125
1 0.57109375 0.8265625 0.0890625 0.140625
1 0.27265625 0.8375 0.0984375 0.14375
1 0.1625 0.84296875 0.084375 0.1796875
1 0.43828125 0.8671875 0.1078125 0.196875
1 0.928125 0.89765625 0.1 0.1171875
1 0.55390625 0.91015625 0.0703125 0.1234375
1 0.078125 0.94375 0.103125 0.1125
1 0.85078125 0.953125 0.0890625 0.09375
