2 0.56953125 0.24609375 0.1640625 0.2046875
2 0.78515625 0.3453125 0.1640625 0.20625
4 0.13984375 0.50546875 0.1484375 0.1484375
2 0.60546875 0.61171875 0.1640625 0.2046875
1 0.0421875 0.63046875 0.084375 0.1953125
4 0.35859375 0.646875 0.1390625 0.146875
4 0.21796875 0.665625 0.0796875 0.1375
1 0.409375 0.08125 0.19375 0.1625
2 0.44609375 0.88828125 0.1640625 0.2046875
1 0.25703125 0.89609375 0.1640625 0.2046875
2 0.83046875 0.9421875 0.0953125 0.115625
4 0.7421875 0.11171875 0.196875 0.1671875
