0 0.15859375 0.209375 0.1140625 0.165625
0 0.27421875 0.23984375 0.1109375 0.1734375
0 0.4640625 0.24921875 0.1375 0.1453125
4 0.8640625 0.290625 0.090625 0.2125
4 0.7859375 0.303125 0.09375 0.16875
0 0.59453125 0.31328125 0.1109375 0.2140625
0 0.40390625 0.3515625 0.0671875 0.13125
3 0.178125 0.3734375 0.203125 0.203125
0 0.48515625 0.40390625 0.0765625 0.1921875
0 0.36640625 0.4515625 0.0890625 0.165625
0 0.33671875 0.04921875 0.2078125 0.0953125
0 0.0796875 0.49609375 0.125 0.0921875
0 0.67265625 0.56484375 0.1265625 0.1953125
0 0.440625 0.5890625 0.11875 0.1625
0 0.046875 0.76796875 0.09375 0.1890625
3 0.71015625 0.12265625 0.1265625 0.2453125
