0 0.61796875 0.221875 0.1421875 0.13125
0 0.296875 0.2828125 0.11875 0.146875
0 0.1203125 0.321875 0.10625 0.15
0 0.865625 0.38828125 0.096875 0.1234375
0 0.70234375 0.3984375 0.1203125 0.15
0 0.22578125 0.44765625 0.1390625 0.1484375
3 0.96484375 0.45625 0.0703125 0.190625
0 0.83984375 0.53671875 0.1046875 0.1171875
0 0.24140625 0.67421875 0.0984375 0.1140625
0 0.8375 0.68828125 0.10625 0.1453125
0 0.10234375 0.74375 0.1015625 0.15
0 0.303125 0.77578125 0.078125 0.1078125
0 0.36015625 0.87421875 0.1515625 0.1578125
0 0.4859375 0.95625 0.13125 0.0875
0 0.24453125 0.95859375 0.1234375 0.0828125
0 0.25546875 0.1 0.1390625 0.146875
