2 0.0421875 0.14921875 0.084375 0.1546875
0 0.67578125 0.1734375 0.1453125 0.146875
2 0.5015625 0.19765625 0.125 0.1546875
1 0.253125 0.234375 0.10625 0.146875
2 0.38203125 0.2515625 0.1515625 0.153125
2 0.76796875 0.29140625 0.0984375 0.1609375
2 0.67109375 0.33984375 0.1453125 0.1703125
2 0.4640625 0.34609375 0.134375 0.1671875
-1 0.53828125 0.4 0.0546875 0.084375
2 0.065625 0.44375 0.128125 0.14375
2 0.61875 0.4546875 0.16875 0.121875
2 0.04609375 0.0453125 0.0921875 0.090625
2 0.30703125 0.47421875 0.1640625 0.1609375
2 0.15703125 0.49609375 0.1328125 0.1328125
2 0.928125 0.54765625 0.14375 0.1953125
1 0.7609375 0.55234375 0.103125 0.1828125
0 0.56875 0.6265625 0.11875 0.153125
0 0.16484375 0.6640625 0.1328125 0.18125
2 0.66484375 0.68515625 0.1015625 0.2140625
0 0.040625 0.696875 0.08125 0.16875
2 0.32578125 0.72265625 0.1046875 0.1953125
2 0.94453125 0.72890625 0.1078125 0.1984375
2 0.78203125 0.7484375 0.1265625 0.184375
2 0.5734375 0.790625 0.121875 0.16875
2 0.4203125 0.803125 0.1125 0.14375
0 0.05703125 0.82890625 0.1140625 0.1484375
2 0.334375 0.08984375 0.121875 0.1796875
0 0.20390625 0.9 0.1359375 0.196875
2 0.57265625 0.91015625 0.2484375 0.1796875
1 0.8140625 0.91484375 0.153125 0.1703125
2 0.14765625 0.12734375 0.1453125 0.1671875
