0 0.440625 0.35078125 0.21875 0.2140625
0 0.60390625 0.4140625 0.1484375 0.171875
0 0.73984375 0.4890625 0.1265625 0.21875
0 0.44453125 0.5 0.1265625 0.13125
0 0.2953125 0.50859375 0.1875 0.2203125
0 0.90546875 0.57734375 0.1796875 0.2046875
4 0.034375 0.5796875 0.053125 0.071875
0 0.496875 0.62265625 0.125 0.1359375
0 0.1296875 0.62890625 0.16875 0.2390625
0 0.68515625 0.7046875 0.1453125 0.175
0 0.5390625 0.7484375 0.146875 0.14375
0 0.821875 0.79140625 0.196875 0.2140625
4 0.17421875 0.08125 0.1921875 0.1625
0 0.31640625 0.8109375 0.1921875 0.24375
