1 0.69609375 0.2453125 0.0859375 0.109375
1 0.8453125 0.26171875 0.13125 0.1109375
1 0.5890625 0.31171875 0.15 0.1484375
0 0.76875 0.3265625 0.096875 0.125
1 0.68515625 0.3609375 0.0953125 0.109375
1 0.4828125 0.36640625 0.128125 0.1984375
2 0.38125 0.39609375 0.115625 0.1828125
2 0.67109375 0.4703125 0.0984375 0.1375
1 0.5828125 0.4796875 0.115625 0.15625
2 0.7828125 0.52890625 0.175 0.2171875
1 0.29921875 0.55859375 0.1546875 0.1265625
1 0.1109375 0.634375 0.159375 0.121875
2 0.80625 0.73828125 0.128125 0.1609375
2 0.03359375 0.796875 0.0671875 0.15
2 0.6890625 0.82265625 0.203125 0.1953125
1 0.5375 0.83359375 0.15625 0.1453125
1 0.35 0.88203125 0.121875 0.2015625
1 0.06171875 0.91796875 0.1046875 0.0859375
2 0.48046875 0.9578125 0.1609375 0.084375
2 0.19609375 0.96015625 0.1453125 0.0796875
