0 0.13984375 0.1734375 0.0765625 0.165625
2 0.6890625 0.23359375 0.1625 0.1421875
2 0.49375 0.24375 0.18125 0.165625
0 0.0375 0.28515625 0.075 0.1296875
0 0.28203125 0.31640625 0.1203125 0.1328125
0 0.56015625 0.334375 0.0890625 0.121875
0 0.0984375 0.37578125 0.096875 0.2078125
0 0.221875 0.43515625 0.1125 0.1046875
0 0.471875 0.5359375 0.09375 0.115625
0 0.2546875 0.5484375 0.096875 0.121875
0 0.81171875 0.58359375 0.1140625 0.1515625
0 0.67109375 0.69765625 0.0953125 0.1359375
0 0.19375 0.71015625 0.121875 0.2015625
0 0.23515625 0.071875 0.1078125 0.14375
0 0.55625 0.72265625 0.11875 0.1484375
0 0.3578125 0.728125 0.090625 0.115625
0 0.12421875 0.81875 0.0859375 0.121875
0 0.50234375 0.85 0.0859375 0.140625
2 0.35 0.1265625 0.096875 0.1375
