3 0.5109375 0.2671875 0.2875 0.190625
3 0.8171875 0.2765625 0.171875 0.275
4 0.92890625 0.29453125 0.1390625 0.2515625
0 0.5328125 0.4015625 0.1 0.159375
0 0.41875 0.40859375 0.14375 0.1234375
0 0.5875 0.44296875 0.15 0.1234375
0 0.65546875 0.49296875 0.1109375 0.0984375
0 0.4109375 0.51953125 0.14375 0.1234375
0 0.5078125 0.55703125 0.06875 0.0984375
0 0.8078125 0.56640625 0.16875 0.1421875
0 0.4078125 0.63671875 0.14375 0.1234375
0 0.60390625 0.715625 0.2015625 0.184375
0 0.4109375 0.89765625 0.115625 0.1890625
3 0.68671875 0.9578125 0.2265625 0.084375
