0 0.7640625 0.2734375 0.103125 0.134375
1 0.35703125 0.28515625 0.1171875 0.1578125
0 0.65703125 0.29453125 0.0921875 0.0953125
1 0.96484375 0.3078125 0.0703125 0.184375
0 0.55078125 0.35 0.1359375 0.25625
0 0.85859375 0.384375 0.1234375 0.2375
1 0.1578125 0.41796875 0.115625 0.1796875
0 0.05390625 0.428125 0.1078125 0.18125
1 0.28046875 0.47421875 0.0890625 0.1609375
0 0.37890625 0.50546875 0.1328125 0.1765625
1 0.47578125 0.53046875 0.1015625 0.1359375
0 0.25859375 0.59453125 0.1421875 0.1515625
1 0.63046875 0.0609375 0.0953125 0.121875
0 0.05703125 0.62578125 0.1140625 0.2109375
1 0.56015625 0.68125 0.1234375 0.11875
0 0.41640625 0.69375 0.1078125 0.14375
0 0.31171875 0.7171875 0.1015625 0.1875
0 0.215625 0.73359375 0.090625 0.1234375
1 0.11875 0.73828125 0.103125 0.1390625
1 0.671875 0.7515625 0.1125 0.1
1 0.53046875 0.7796875 0.1671875 0.125
0 0.378125 0.85 0.15625 0.18125
1 0.50234375 0.88125 0.1015625 0.103125
0 0.17890625 0.928125 0.1359375 0.140625
