0 0.23046875 0.1421875 0.0890625 0.121875
0 0.478125 0.15 0.084375 0.171875
0 0.38125 0.15546875 0.103125 0.1296875
0 0.87734375 0.16015625 0.1140625 0.1203125
0 0.77421875 0.178125 0.0953125 0.140625
0 0.1109375 0.22421875 0.103125 0.1265625
0 0.2734375 0.25390625 0.09375 0.1109375
0 0.6421875 0.26171875 0.128125 0.1359375
0 0.67890625 0.36328125 0.1734375 0.1078125
0 0.11875 0.4296875 0.090625 0.140625
0 0.3859375 0.4421875 0.09375 0.0875
0 0.2625 0.44765625 0.103125 0.1109375
0 0.0359375 0.47109375 0.071875 0.1484375
0 0.70390625 0.5015625 0.1890625 0.153125
0 0.4390625 0.52578125 0.103125 0.1109375
0 0.34453125 0.53984375 0.1078125 0.1328125
0 0.53671875 0.546875 0.0953125 0.1625
0 0.23515625 0.5640625 0.0984375 0.1
0 0.70625 0.6265625 0.1875 0.090625
0 0.125 0.6484375 0.128125 0.178125
0 0.284375 0.66328125 0.103125 0.1109375
0 0.3859375 0.66328125 0.078125 0.1109375
0 0.52890625 0.68671875 0.1390625 0.1265625
0 0.42265625 0.76796875 0.1015625 0.1109375
0 0.31796875 0.77265625 0.1015625 0.1109375
0 0.81796875 0.79375 0.0859375 0.15
0 0.9109375 0.8171875 0.10625 0.209375
0 0.128125 0.8921875 0.128125 0.178125
0 0.48359375 0.89453125 0.1640625 0.1359375
0 0.253125 0.92265625 0.109375 0.1546875
0 0.74296875 0.946875 0.0984375 0.103125
0 0.10703125 0.103125 0.1015625 0.128125
