0 0.82734375 0.23828125 0.1140625 0.1546875
0 0.95625 0.23828125 0.0875 0.1796875
0 0.67890625 0.26796875 0.1640625 0.2171875
0 0.48828125 0.32421875 0.1140625 0.1546875
0 0.30390625 0.34296875 0.1140625 0.1546875
0 0.83671875 0.40625 0.1109375 0.140625
0 0.1984375 0.45234375 0.109375 0.1359375
0 0.6265625 0.48359375 0.109375 0.1359375
0 0.4546875 0.49609375 0.096875 0.1390625
0 0.03828125 0.5328125 0.0765625 0.18125
0 0.23125 0.59453125 0.109375 0.1359375
0 0.3265625 0.67734375 0.09375 0.1609375
0 0.89609375 0.74453125 0.1265625 0.1671875
0 0.703125 0.82734375 0.109375 0.1359375
