0 0.3640625 0.17421875 0.096875 0.0953125
0 0.74375 0.17578125 0.109375 0.1421875
0 0.46328125 0.1921875 0.1015625 0.121875
0 0.23515625 0.20703125 0.1171875 0.1953125
0 0.20625 0.35625 0.08125 0.103125
0 0.796875 0.36015625 0.090625 0.1328125
0 0.134375 0.37421875 0.071875 0.1328125
0 0.5296875 0.4640625 0.08125 0.1375
0 0.26640625 0.4984375 0.0859375 0.125
0 0.125 0.05625 0.14375 0.1125
0 0.7640625 0.58046875 0.096875 0.0953125
0 0.6640625 0.60078125 0.084375 0.1015625
0 0.4234375 0.609375 0.078125 0.096875
0 0.46796875 0.678125 0.0984375 0.13125
0 0.8328125 0.68515625 0.084375 0.1203125
0 0.56640625 0.71875 0.1015625 0.128125
0 0.17890625 0.76953125 0.0765625 0.0921875
0 0.54765625 0.0796875 0.0984375 0.1125
0 0.72109375 0.81484375 0.0984375 0.1328125
0 0.8375 0.8140625 0.1 0.1
0 0.2265625 0.87265625 0.096875 0.1234375
