1 0.04296875 0.1328125 0.0828125 0.125
0 0.70546875 0.2078125 0.1078125 0.1875
1 0.5 0.30703125 0.090625 0.1046875
0 0.61328125 0.35703125 0.1015625 0.1453125
0 0.43125 0.35859375 0.09375 0.1359375
8 0.78984375 0.3890625 0.0796875 0.1375
1 0.21875 0.39375 0.10625 0.14375
0 0.346875 0.40859375 0.1125 0.1515625
0 0.53984375 0.46640625 0.1328125 0.1109375
0 0.96171875 0.50625 0.0734375 0.15
0 0.70859375 0.525 0.0859375 0.15
0 0.82890625 0.5328125 0.1078125 0.15
0 0.79296875 0.0578125 0.0984375 0.115625
0 0.415625 0.58515625 0.084375 0.1546875
0 0.60078125 0.6046875 0.1046875 0.15625
0 0.32890625 0.653125 0.0984375 0.153125
0 0.73125 0.66015625 0.121875 0.1265625
0 0.04765625 0.6734375 0.0953125 0.209375
0 0.45390625 0.696875 0.1296875 0.1125
8 0.66015625 0.72734375 0.0921875 0.1078125
0 0.5953125 0.07421875 0.103125 0.1265625
0 0.56171875 0.75546875 0.1140625 0.1734375
5 0.42578125 0.82265625 0.1359375 0.1796875
1 0.2953125 0.86484375 0.14375 0.1390625
1 0.64765625 0.8921875 0.1046875 0.196875
0 0.5328125 0.92890625 0.109375 0.1421875
0 0.04375 0.95078125 0.0875 0.0921875
