0 0.38984375 0.13671875 0.0953125 0.1078125
0 0.55625 0.23125 0.1125 0.10625
1 0.43125 0.234375 0.09375 0.1
0 0.0953125 0.246875 0.109375 0.15
1 0.6609375 0.284375 0.084375 0.128125
0 0.2671875 0.3328125 0.09375 0.1375
0 0.1703125 0.3828125 0.084375 0.1375
0 0.46875 0.3828125 0.14375 0.1125
1 0.70546875 0.4078125 0.1015625 0.125
1 0.796875 0.44609375 0.078125 0.0953125
0 0.39765625 0.51171875 0.0859375 0.1421875
1 0.7765625 0.54453125 0.090625 0.1046875
0 0.86484375 0.6109375 0.1796875 0.19375
0 0.08515625 0.61328125 0.1703125 0.1328125
0 0.27265625 0.62890625 0.1171875 0.0921875
0 0.67265625 0.66953125 0.1296875 0.1765625
0 0.5515625 0.67578125 0.078125 0.0921875
0 0.4546875 0.696875 0.11875 0.1
0 0.31171875 0.75625 0.2265625 0.1375
0 0.80546875 0.771875 0.1328125 0.146875
0 0.940625 0.775 0.115625 0.140625
0 0.6890625 0.8609375 0.090625 0.05625
0 0.69140625 0.91328125 0.0859375 0.0546875
0 0.465625 0.93515625 0.115625 0.0921875
0 0.6703125 0.1140625 0.15 0.146875
0 0.49140625 0.1265625 0.1015625 0.15
