1 0.69375 0.14609375 0.09375 0.1046875
5 0.321875 0.16015625 0.078125 0.1421875
1 0.40703125 0.17890625 0.1109375 0.1015625
2 0.1234375 0.1890625 0.084375 0.134375
2 0.81171875 0.196875 0.0984375 0.11875
2 0.2125 0.221875 0.1125 0.18125
1 0.55625 0.2328125 0.11875 0.1375
2 0.4 0.025 0.1375 0.05
2 0.02890625 0.26328125 0.0546875 0.2046875
2 0.3171875 0.27421875 0.09375 0.1265625
1 0.39921875 0.28515625 0.0984375 0.1265625
1 0.71796875 0.3046875 0.0734375 0.1625
1 0.66328125 0.4203125 0.0890625 0.140625
2 0.1328125 0.46953125 0.128125 0.1546875
1 0.7578125 0.4890625 0.115625 0.128125
2 0.38984375 0.50546875 0.1515625 0.2234375
2 0.221875 0.053125 0.125 0.10625
1 0.615625 0.53515625 0.121875 0.1296875
1 0.8953125 0.5859375 0.134375 0.18125
4 0.29140625 0.6375 0.0578125 0.06875
0 0.09296875 0.64609375 0.1671875 0.1734375
1 0.253125 0.68984375 0.065625 0.1203125
1 0.51875 0.7015625 0.121875 0.115625
2 0.540625 0.075 0.10625 0.146875
1 0.7421875 0.7484375 0.153125 0.225
2 0.36953125 0.7796875 0.0890625 0.140625
1 0.4015625 0.07890625 0.075 0.0734375
1 0.0453125 0.84375 0.090625 0.1375
0 0.4703125 0.846875 0.090625 0.125
1 0.85625 0.8703125 0.115625 0.128125
