1 0.04921875 0.18984375 0.0984375 0.1296875
1 0.64609375 0.21328125 0.1640625 0.1328125
1 0.328125 0.228125 0.121875 0.2
0 0.19921875 0.27734375 0.0796875 0.1234375
1 0.50859375 0.2984375 0.1234375 0.16875
1 0.05859375 0.30703125 0.1015625 0.0921875
1 0.053125 0.03125 0.10625 0.0625
1 0.6203125 0.33359375 0.125 0.1421875
1 0.73671875 0.40078125 0.1296875 0.1796875
1 0.4375 0.425 0.2 0.140625
1 0.24921875 0.4296875 0.1171875 0.134375
1 0.14375 0.4359375 0.125 0.159375
1 0.6421875 0.5015625 0.14375 0.1375
1 0.28359375 0.51484375 0.1234375 0.1015625
1 0.94140625 0.51875 0.1171875 0.16875
1 0.79765625 0.55078125 0.1390625 0.1484375
1 0.45625 0.55859375 0.09375 0.1421875
1 0.315625 0.58828125 0.125 0.1234375
1 0.12734375 0.60234375 0.1234375 0.1484375
1 0.06640625 0.66953125 0.1234375 0.1609375
1 0.3390625 0.7 0.178125 0.1375
1 0.4609375 0.709375 0.1125 0.165625
1 0.19921875 0.765625 0.1109375 0.121875
1 0.3609375 0.821875 0.140625 0.1375
1 0.584375 0.91015625 0.1375 0.1328125
