0 0.7359375 0.18359375 0.146875 0.1109375
0 0.5546875 0.196875 0.1 0.159375
0 0.3484375 0.20859375 0.11875 0.1828125
3 0.91875 0.2171875 0.1625 0.18125
0 0.44921875 0.23671875 0.0921875 0.1734375
0 0.625 0.2515625 0.109375 0.13125
0 0.28203125 0.26953125 0.1203125 0.1421875
1 0.9109375 0.3359375 0.1 0.084375
0 0.80078125 0.35234375 0.1140625 0.1921875
0 0.65625 0.36015625 0.146875 0.1046875
1 0.1625 0.37734375 0.090625 0.1484375
1 0.54765625 0.42265625 0.0984375 0.1453125
0 0.46328125 0.42421875 0.1109375 0.1546875
1 0.20390625 0.5 0.2109375 0.125
1 0.659375 0.51015625 0.10625 0.1609375
3 0.7234375 0.6546875 0.14375 0.1
3 0.5046875 0.746875 0.115625 0.359375
1 0.1796875 0.75546875 0.1125 0.2203125
3 0.6375 0.83515625 0.140625 0.3265625
3 0.91328125 0.83671875 0.1734375 0.3265625
0 0.31953125 0.859375 0.1640625 0.259375
0 0.4625 0.0859375 0.159375 0.171875
1 0.778125 0.928125 0.128125 0.14375
0 0.74921875 0.10546875 0.1359375 0.1546875
