0 0.9359375 0.15234375 0.078125 0.1109375
0 0.71796875 0.20390625 0.1015625 0.1234375
0 0.60078125 0.21015625 0.1015625 0.1234375
0 0.38046875 0.22265625 0.1453125 0.2640625
0 0.83828125 0.23046875 0.0765625 0.1265625
0 0.1234375 0.2359375 0.14375 0.16875
0 0.5296875 0.30078125 0.1 0.1234375
0 0.7921875 0.359375 0.09375 0.103125
0 0.6390625 0.36953125 0.1 0.1234375
0 0.128125 0.38671875 0.103125 0.1546875
0 0.4859375 0.40703125 0.090625 0.1140625
0 0.95078125 0.41171875 0.0828125 0.1359375
0 0.3109375 0.45859375 0.121875 0.1203125
0 0.75546875 0.48203125 0.1015625 0.1234375
0 0.603125 0.5109375 0.1375 0.125
0 0.859375 0.51796875 0.090625 0.1984375
0 0.053125 0.52109375 0.10625 0.1453125
0 0.4703125 0.5234375 0.090625 0.1
0 0.95625 0.5453125 0.0875 0.09375
0 0.23359375 0.584375 0.1109375 0.10625
0 0.365625 0.5890625 0.109375 0.109375
0 0.7765625 0.63984375 0.134375 0.1328125
0 0.05 0.65546875 0.1 0.1234375
0 0.571875 0.65546875 0.1 0.1234375
0 0.18828125 0.72890625 0.1078125 0.1671875
0 0.3375 0.75234375 0.1 0.1515625
0 0.834375 0.75703125 0.1 0.1234375
0 0.48515625 0.77265625 0.1015625 0.1234375
0 0.62265625 0.82578125 0.1015625 0.1234375
1 0.184375 0.9171875 0.109375 0.10625
0 0.03671875 0.93203125 0.0703125 0.1171875
0 0.6984375 0.1078125 0.10625 0.08125
