1 0.196875 0.13984375 0.175 0.0828125
1 0.66640625 0.14453125 0.1234375 0.1328125
2 0.23984375 0.253125 0.1234375 0.15625
1 0.6046875 0.03046875 0.14375 0.0609375
1 0.40234375 0.29921875 0.1328125 0.1234375
1 0.63359375 0.33125 0.1265625 0.146875
2 0.715625 0.4140625 0.146875 0.096875
2 0.52265625 0.415625 0.1484375 0.19375
1 0.28125 0.42734375 0.153125 0.1109375
5 0.41796875 0.4296875 0.0859375 0.13125
1 0.8234375 0.4828125 0.125 0.0875
2 0.040625 0.4859375 0.08125 0.128125
1 0.26015625 0.534375 0.1171875 0.096875
1 0.92421875 0.5484375 0.1203125 0.103125
2 0.646875 0.55703125 0.153125 0.1421875
1 0.1578125 0.05625 0.10625 0.1125
2 0.51640625 0.56015625 0.1328125 0.1234375
1 0.8140625 0.56640625 0.09375 0.0953125
5 0.73046875 0.57734375 0.0765625 0.0765625
2 0.27578125 0.63828125 0.1328125 0.1265625
1 0.96484375 0.6375 0.0703125 0.121875
1 0.778125 0.64375 0.08125 0.1125
1 0.16171875 0.6546875 0.1328125 0.121875
1 0.559375 0.659375 0.078125 0.10625
2 0.428125 0.66015625 0.128125 0.1453125
5 0.6359375 0.71328125 0.096875 0.0984375
2 0.0453125 0.7296875 0.0875 0.175
1 0.9109375 0.73203125 0.103125 0.1078125
1 0.27421875 0.07578125 0.1078125 0.0984375
2 0.4125 0.76875 0.115625 0.140625
2 0.296875 0.78125 0.11875 0.15
5 0.13828125 0.7828125 0.0984375 0.103125
1 0.496875 0.8421875 0.096875 0.09375
2 0.61328125 0.87109375 0.1109375 0.1296875
2 0.8890625 0.8765625 0.109375 0.153125
2 0.96796875 0.8796875 0.0640625 0.209375
5 0.784375 0.884375 0.075 0.115625
1 0.146875 0.9296875 0.121875 0.134375
1 0.0328125 0.9296875 0.065625 0.125
2 0.74609375 0.93046875 0.1109375 0.1390625
5 0.5171875 0.9359375 0.096875 0.109375
1 0.43125 0.94609375 0.09375 0.1078125
2 0.58828125 0.96953125 0.1203125 0.0609375
