0 0.92890625 0.13984375 0.1421875 0.0765625
0 0.73828125 0.1546875 0.1484375 0.109375
0 0.76953125 0.2515625 0.1171875 0.0875
0 0.446875 0.334375 0.084375 0.128125
0 0.61875 0.3453125 0.153125 0.225
0 0.74921875 0.36953125 0.1328125 0.1953125
1 0.88515625 0.37890625 0.0890625 0.1046875
0 0.31953125 0.38203125 0.1046875 0.1953125
0 0.40078125 0.4 0.1015625 0.1375
0 0.21015625 0.4640625 0.1265625 0.1625
0 0.54609375 0.5875 0.1265625 0.259375
0 0.7890625 0.60703125 0.13125 0.2984375
0 0.6625 0.6234375 0.1125 0.303125
0 0.91796875 0.07109375 0.1484375 0.0796875
3 0.46015625 0.771875 0.1671875 0.153125
3 0.60546875 0.92265625 0.1796875 0.1453125
