0 0.54921875 0.134375 0.1015625 0.15
0 0.48671875 0.19921875 0.1015625 0.1078125
0 0.66875 0.24453125 0.128125 0.1359375
0 0.8765625 0.25234375 0.09375 0.1234375
0 0.40546875 0.25625 0.1015625 0.1
0 0.3015625 0.27265625 0.125 0.1546875
0 0.76875 0.2796875 0.08125 0.13125
0 0.5265625 0.28203125 0.140625 0.1765625
1 0.228125 0.31484375 0.078125 0.1421875
0 0.91171875 0.34375 0.1203125 0.134375
1 0.39453125 0.35546875 0.0921875 0.1203125
0 0.13046875 0.36875 0.1046875 0.11875
0 0.33203125 0.4125 0.0734375 0.1
0 0.978125 0.4515625 0.04375 0.171875
0 0.12734375 0.46015625 0.1015625 0.1046875
0 0.3109375 0.521875 0.096875 0.125
0 0.690625 0.52578125 0.1 0.1046875
0 0.43046875 0.53828125 0.1140625 0.1484375
0 0.0421875 0.56796875 0.084375 0.1640625
0 0.35390625 0.059375 0.1203125 0.11875
0 0.140625 0.60078125 0.065625 0.1421875
0 0.61953125 0.06171875 0.0890625 0.1234375
0 0.7484375 0.64453125 0.090625 0.1421875
1 0.49765625 0.6890625 0.0796875 0.103125
0 0.853125 0.70234375 0.090625 0.1421875
0 0.94609375 0.71796875 0.0984375 0.1359375
0 0.2453125 0.728125 0.10625 0.15625
0 0.46953125 0.8421875 0.1015625 0.228125
0 0.425 0.0875 0.08125 0.1625
0 0.0515625 0.88515625 0.065625 0.1328125
0 0.11015625 0.90625 0.0640625 0.103125
0 0.33515625 0.9265625 0.1296875 0.121875
0 0.01484375 0.9578125 0.0296875 0.084375
0 0.49296875 0.09921875 0.0640625 0.1359375
0 0.08046875 0.98125 0.0703125 0.0375
