0 0.796875 0.25625 0.103125 0.15
0 0.5203125 0.453125 0.096875 0.11875
0 0.69375 0.5203125 0.125 0.1125
0 0.50625 0.55234375 0.084375 0.1078125
0 0.61171875 0.690625 0.0828125 0.134375
0 0.79765625 0.69453125 0.1171875 0.1109375
0 0.13046875 0.771875 0.1390625 0.171875
0 0.44140625 0.78984375 0.1078125 0.1703125
0 0.6921875 0.878125 0.13125 0.240625
0 0.2875 0.88125 0.10625 0.103125
0 0.528125 0.08984375 0.1375 0.1796875
0 0.56015625 0.92265625 0.1109375 0.1546875
0 0.44609375 0.95078125 0.1046875 0.0953125
