0 0.77421875 0.175 0.1328125 0.18125
2 0.565625 0.3 0.171875 0.1875
0 0.93046875 0.30078125 0.0953125 0.1265625
2 0.71328125 0.31484375 0.1671875 0.1328125
0 0.1 0.36171875 0.146875 0.1484375
2 0.36875 0.4328125 0.125 0.196875
0 0.72578125 0.45703125 0.1296875 0.1609375
2 0.58515625 0.51796875 0.1796875 0.1640625
0 0.16875 0.52421875 0.1375 0.1921875
0 0.91015625 0.56953125 0.1640625 0.1203125
0 0.396875 0.62734375 0.1375 0.1640625
2 0.77734375 0.67890625 0.1984375 0.2484375
0 0.6234375 0.7 0.1625 0.128125
0 0.91484375 0.7828125 0.1640625 0.13125
2 0.55234375 0.0796875 0.2265625 0.159375
1 0.9421875 0.9078125 0.115625 0.13125
1 0.4203125 0.95390625 0.10625 0.0921875
2 0.5796875 0.96796875 0.146875 0.0640625
