1 0.51328125 0.1390625 0.1203125 0.103125
1 0.0453125 0.159375 0.090625 0.178125
1 0.4171875 0.17578125 0.090625 0.1234375
1 0.1578125 0.18671875 0.08125 0.1078125
1 0.33984375 0.225 0.0734375 0.10625
1 0.63125 0.2296875 0.075 0.153125
1 0.2546875 0.2328125 0.103125 0.159375
1 0.8890625 0.25546875 0.13125 0.1609375
1 0.4609375 0.25625 0.165625 0.15625
1 0.10078125 0.26796875 0.0828125 0.1734375
1 0.5765625 0.2875 0.109375 0.153125
1 0.79765625 0.33828125 0.0890625 0.1421875
1 0.3890625 0.34375 0.1375 0.1125
1 0.1671875 0.3625 0.096875 0.14375
1 0.284375 0.37421875 0.103125 0.1296875
1 0.6984375 0.3921875 0.10625 0.1375
1 0.96171875 0.40078125 0.0734375 0.1546875
1 0.771875 0.040625 0.125 0.08125
1 0.884375 0.421875 0.125 0.153125
1 0.5796875 0.4234375 0.13125 0.13125
1 0.76328125 0.44140625 0.1015625 0.1453125
1 0.365625 0.44609375 0.13125 0.1078125
1 0.48125 0.45 0.09375 0.1375
1 0.1203125 0.4765625 0.14375 0.171875
1 0.38515625 0.534375 0.1328125 0.115625
1 0.64375 0.54140625 0.13125 0.1484375
1 0.50859375 0.5453125 0.1203125 0.10625
0 0.84765625 0.578125 0.0765625 0.1125
1 0.3953125 0.603125 0.10625 0.103125
7 0.2703125 0.6078125 0.096875 0.078125
1 0.16640625 0.63203125 0.1390625 0.1578125
1 0.51796875 0.6703125 0.1046875 0.14375
1 0.3859375 0.67421875 0.146875 0.1109375
1 0.040625 0.7171875 0.08125 0.15
1 0.60859375 0.7328125 0.1484375 0.159375
1 0.31171875 0.7328125 0.1078125 0.2125
1 0.83515625 0.73671875 0.0984375 0.1390625
1 0.11640625 0.76015625 0.1046875 0.1734375
1 0.4203125 0.7671875 0.103125 0.084375
1 0.22578125 0.80078125 0.1171875 0.1703125
1 0.940625 0.82890625 0.08125 0.1796875
1 0.27265625 0.084375 0.0671875 0.16875
1 0.184375 0.0875 0.096875 0.134375
1 0.321875 0.8921875 0.125 0.13125
1 0.0703125 0.89296875 0.08125 0.1078125
1 0.1734375 0.89453125 0.0875 0.1015625
1 0.37578125 0.090625 0.1421875 0.1375
1 0.4125 0.94609375 0.1125 0.1078125
1 0.16875 0.96328125 0.1625 0.0734375
1 0.8875 0.11875 0.125 0.128125
