1 0.1796875 0.1703125 0.10625 0.14375
0 0.8640625 0.20859375 0.178125 0.1109375
0 0.05546875 0.23671875 0.1109375 0.1703125
0 0.59609375 0.24296875 0.1203125 0.0828125
0 0.30546875 0.26953125 0.1296875 0.1078125
0 0.81171875 0.321875 0.1328125 0.121875
0 0.27734375 0.3546875 0.1203125 0.1
1 0.57578125 0.425 0.1421875 0.1625
0 0.3546875 0.43515625 0.15 0.0921875
0 0.740625 0.4671875 0.13125 0.165625
0 0.8796875 0.4859375 0.103125 0.15625
0 0.9546875 0.5078125 0.090625 0.178125
0 0.353125 0.0546875 0.125 0.109375
0 0.16953125 0.5484375 0.1796875 0.175
4 0.84765625 0.61796875 0.0984375 0.1203125
0 0.146875 0.69375 0.134375 0.146875
0 0.35859375 0.69609375 0.1296875 0.1515625
3 0.478125 0.7484375 0.178125 0.20625
3 0.1390625 0.9359375 0.128125 0.128125
0 0.8890625 0.09375 0.1375 0.1
0 0.71875 0.12109375 0.115625 0.1640625
