0 0.5828125 0.15 0.1 0.128125
0 0.371875 0.16640625 0.096875 0.1578125
0 0.6625 0.23203125 0.096875 0.0953125
0 0.4546875 0.24375 0.115625 0.128125
0 0.69296875 0.3140625 0.0890625 0.096875
0 0.79375 0.33125 0.096875 0.153125
0 0.60625 0.33515625 0.08125 0.1265625
0 0.36796875 0.340625 0.1328125 0.153125
0 0.5203125 0.4046875 0.084375 0.109375
0 0.08515625 0.41875 0.1203125 0.190625
0 0.42265625 0.4359375 0.1046875 0.1125
0 0.7453125 0.43984375 0.084375 0.1078125
0 0.65 0.4875 0.1 0.121875
0 0.40390625 0.509375 0.1171875 0.121875
0 0.5453125 0.51484375 0.09375 0.1265625
0 0.728125 0.59765625 0.0875 0.1328125
0 0.46875 0.6 0.0875 0.115625
0 0.8890625 0.62109375 0.09375 0.0890625
0 0.65078125 0.65 0.0828125 0.1125
0 0.59765625 0.6546875 0.0828125 0.146875
0 0.93359375 0.715625 0.0921875 0.140625
0 0.82734375 0.8484375 0.0828125 0.11875
0 0.46953125 0.109375 0.0953125 0.103125
0 0.96796875 0.1234375 0.0640625 0.1875
