0 0.54609375 0.02109375 0.1296875 0.0421875
0 0.40703125 0.2625 0.0890625 0.184375
0 0.28046875 0.29609375 0.1109375 0.1078125
0 0.05 0.3359375 0.09375 0.1375
0 0.57890625 0.35546875 0.1390625 0.2015625
0 0.15078125 0.365625 0.1203125 0.184375
0 0.303125 0.384375 0.103125 0.11875
0 0.4359375 0.42265625 0.10625 0.1515625
0 0.54765625 0.540625 0.1484375 0.125
0 0.10234375 0.5609375 0.1828125 0.1625
0 0.30625 0.5796875 0.11875 0.11875
0 0.54453125 0.653125 0.1671875 0.11875
0 0.403125 0.66796875 0.121875 0.0953125
0 0.24140625 0.6953125 0.1171875 0.11875
0 0.67734375 0.73984375 0.1359375 0.1328125
0 0.39140625 0.78359375 0.1453125 0.1484375
0 0.23984375 0.0921875 0.1640625 0.178125
0 0.45546875 0.91796875 0.1015625 0.1296875
0 0.6265625 0.9265625 0.084375 0.146875
0 0.55078125 0.95546875 0.1234375 0.0890625
