2 0.3609375 0.19921875 0.24375 0.2109375
2 0.64296875 0.334375 0.1609375 0.15625
1 0.88671875 0.3375 0.1296875 0.121875
0 0.3234375 0.38359375 0.13125 0.1703125
1 0.9765625 0.384375 0.046875 0.134375
2 0.5203125 0.4359375 0.165625 0.14375
2 0.85625 0.4640625 0.16875 0.140625
2 0.68046875 0.46484375 0.1796875 0.1703125
1 0.32421875 0.5328125 0.1203125 0.121875
1 0.21171875 0.5515625 0.1421875 0.140625
0 0.52578125 0.5796875 0.1015625 0.11875
1 0.77265625 0.703125 0.1609375 0.115625
1 0.31015625 0.70859375 0.1328125 0.1609375
1 0.56796875 0.71015625 0.1046875 0.1328125
2 0.1359375 0.73359375 0.109375 0.2109375
1 0.478125 0.88515625 0.18125 0.1609375
1 0.10625 0.92421875 0.16875 0.1203125
1 0.40859375 0.965625 0.2046875 0.06875
2 0.878125 0.103125 0.178125 0.15
