0 0.20546875 0.18203125 0.1359375 0.1890625
0 0.7421875 0.2828125 0.196875 0.15
0 0.3140625 0.3296875 0.15625 0.165625
0 0.0546875 0.4046875 0.109375 0.125
0 0.74140625 0.43828125 0.1734375 0.1640625
0 0.928125 0.4734375 0.14375 0.1375
0 0.58046875 0.475 0.0890625 0.125
0 0.20390625 0.5171875 0.1296875 0.15
0 0.328125 0.52890625 0.084375 0.1734375
0 0.66015625 0.54296875 0.0859375 0.1109375
0 0.4875 0.5765625 0.109375 0.146875
0 0.4875 0.740625 0.121875 0.1875
0 0.78046875 0.78046875 0.1140625 0.1390625
1 0.33125 0.784375 0.10625 0.115625
0 0.103125 0.80390625 0.153125 0.2171875
1 0.21640625 0.9 0.1171875 0.125
0 0.4703125 0.91875 0.315625 0.1375
0 0.815625 0.9265625 0.109375 0.1125
0 0.81953125 0.1109375 0.1046875 0.153125
0 0.646875 0.11875 0.209375 0.178125
