0 0.03359375 0.2265625 0.0671875 0.134375
2 0.940625 0.25234375 0.11875 0.1640625
1 0.7484375 0.3921875 0.115625 0.10625
2 0.3796875 0.4828125 0.15 0.16875
2 0.94140625 0.496875 0.1171875 0.078125
2 0.565625 0.5234375 0.153125 0.0875
2 0.73984375 0.53125 0.1640625 0.115625
2 0.2515625 0.55703125 0.140625 0.1359375
2 0.62421875 0.6625 0.1734375 0.084375
1 0.2375 0.69375 0.1 0.096875
1 0.3328125 0.71484375 0.090625 0.0640625
0 0.57265625 0.7484375 0.1265625 0.075
1 0.85234375 0.75234375 0.1640625 0.0703125
2 0.365625 0.8109375 0.121875 0.08125
2 0.59296875 0.83828125 0.1578125 0.1140625
2 0.2125 0.83984375 0.128125 0.1171875
5 0.815625 0.0859375 0.1375 0.11875
0 0.93828125 0.8640625 0.1203125 0.090625
2 0.3078125 0.8671875 0.10625 0.115625
