0 0.928125 0.19140625 0.11875 0.1578125
1 0.490625 0.22890625 0.078125 0.1015625
1 0.8484375 0.31796875 0.1 0.0890625
1 0.9625 0.34609375 0.0625 0.0828125
1 0.51875 0.42109375 0.08125 0.0859375
1 0.51640625 0.4234375 0.0765625 0.096875
1 0.53984375 0.5015625 0.0765625 0.08125
1 0.67890625 0.50234375 0.0484375 0.0984375
1 0.62421875 0.5140625 0.0796875 0.078125
1 0.10859375 0.534375 0.1140625 0.125
1 0.53359375 0.5640625 0.0578125 0.090625
1 0.6140625 0.58125 0.08125 0.0625
1 0.3890625 0.5875 0.075 0.1375
1 0.46171875 0.59375 0.0609375 0.103125
1 0.19765625 0.678125 0.0703125 0.08125
1 0.153125 0.7265625 0.08125 0.1
0 0.834375 0.8734375 0.1375 0.171875
1 0.0734375 0.890625 0.059375 0.11875
1 0.25234375 0.9078125 0.0765625 0.08125
1 0.07890625 0.91015625 0.0609375 0.0953125
1 0.37421875 0.09296875 0.0734375 0.1171875
1 0.5328125 0.953125 0.065625 0.09375
1 0.11171875 0.12109375 0.1015625 0.1421875
1 0.6859375 0.12890625 0.084375 0.1234375
