0 0.0640625 0.20546875 0.128125 0.1796875
0 0.2640625 0.25859375 0.134375 0.1296875
0 0.44609375 0.2859375 0.1015625 0.128125
0 0.25234375 0.36875 0.1171875 0.128125
0 0.53984375 0.3734375 0.0796875 0.13125
0 0.91640625 0.3796875 0.1328125 0.196875
0 0.46640625 0.396875 0.0796875 0.090625
0 0.6890625 0.403125 0.1125 0.13125
0 0.5078125 0.046875 0.128125 0.09375
0 0.20078125 0.4734375 0.1046875 0.134375
0 0.7 0.525 0.134375 0.10625
0 0.5734375 0.584375 0.1125 0.15
0 0.7625 0.6 0.10625 0.13125
0 0.90078125 0.61875 0.1484375 0.13125
0 0.8546875 0.803125 0.1125 0.115625
0 0.621875 0.809375 0.13125 0.159375
0 0.95625 0.8203125 0.0875 0.146875
0 0.196875 0.859375 0.115625 0.125
0 0.728125 0.93984375 0.140625 0.1203125
