0 0.83984375 0.1421875 0.1078125 0.13125
0 0.4875 0.146875 0.09375 0.1
0 0.36875 0.1546875 0.13125 0.1
0 0.58046875 0.19609375 0.1015625 0.1421875
0 0.70859375 0.02421875 0.1015625 0.0484375
0 0.42734375 0.2421875 0.1640625 0.115625
0 0.83125 0.253125 0.128125 0.0875
0 0.05703125 0.2734375 0.1140625 0.13125
0 0.9609375 0.296875 0.078125 0.175
0 0.30390625 0.303125 0.1296875 0.140625
0 0.81328125 0.0328125 0.0953125 0.065625
0 0.6765625 0.3296875 0.096875 0.1125
0 0.1890625 0.33046875 0.115625 0.1015625
0 0.60234375 0.33203125 0.1484375 0.1296875
0 0.7953125 0.34453125 0.09375 0.1515625
0 0.9125 0.36015625 0.096875 0.1953125
0 0.4421875 0.3609375 0.1 0.11875
0 0.91015625 0.03828125 0.0953125 0.0765625
0 0.109375 0.4359375 0.090625 0.134375
0 0.65859375 0.440625 0.1140625 0.125
0 0.2125 0.44375 0.09375 0.125
0 0.40078125 0.4484375 0.0984375 0.128125
0 0.33125 0.49375 0.075 0.1375
0 0.78984375 0.515625 0.0671875 0.15
0 0.553125 0.55 0.096875 0.14375
0 0.715625 0.55390625 0.09375 0.1328125
0 0.1359375 0.55625 0.103125 0.121875
0 0.37109375 0.628125 0.0609375 0.13125
0 0.634375 0.62890625 0.084375 0.1109375
0 0.8234375 0.64765625 0.09375 0.1203125
0 0.4390625 0.6515625 0.071875 0.15625
0 0.2765625 0.67421875 0.10625 0.1296875
0 0.028125 0.6875 0.05625 0.18125
3 0.175 0.71015625 0.090625 0.1109375
0 0.75859375 0.71328125 0.1234375 0.1546875
0 0.53046875 0.7203125 0.1203125 0.196875
0 0.95546875 0.73984375 0.0890625 0.1859375
3 0.65859375 0.76484375 0.0984375 0.1140625
0 0.078125 0.765625 0.13125 0.10625
0 0.38125 0.77734375 0.115625 0.1265625
0 0.27265625 0.803125 0.0953125 0.134375
0 0.8125 0.83671875 0.115625 0.1640625
0 0.615625 0.8890625 0.10625 0.128125
0 0.11171875 0.8953125 0.1046875 0.115625
0 0.7125 0.92109375 0.075 0.1015625
0 0.38984375 0.0921875 0.1203125 0.1
0 0.88671875 0.925 0.1203125 0.115625
0 0.31796875 0.93125 0.1171875 0.1125
0 0.4546875 0.95390625 0.15 0.0921875
0 0.7640625 0.95390625 0.084375 0.0921875
0 0.2234375 0.12265625 0.115625 0.1390625
0 0.70234375 0.128125 0.1515625 0.115625
