2 0.2390625 0.228125 0.146875 0.165625
1 0.4328125 0.290625 0.146875 0.13125
1 0.24921875 0.365625 0.1921875 0.090625
1 0.61875 0.40234375 0.090625 0.1109375
2 0.68359375 0.5 0.1515625 0.14375
2 0.85859375 0.5296875 0.1546875 0.109375
1 0.3640625 0.55703125 0.071875 0.1078125
2 0.7359375 0.58984375 0.109375 0.1265625
2 0.51640625 0.615625 0.1078125 0.153125
2 0.8859375 0.66171875 0.128125 0.1203125
1 0.2390625 0.68984375 0.109375 0.1234375
1 0.04921875 0.70078125 0.0984375 0.0984375
1 0.571875 0.71484375 0.08125 0.0921875
1 0.265625 0.82578125 0.109375 0.1234375
1 0.6828125 0.84765625 0.109375 0.1234375
2 0.55703125 0.8515625 0.1171875 0.1
2 0.896875 0.8828125 0.153125 0.11875
2 0.05546875 0.915625 0.1046875 0.159375
