3 0.17890625 0.1734375 0.1671875 0.15
0 0.68515625 0.184375 0.0828125 0.14375
0 0.33359375 0.1953125 0.1015625 0.128125
0 0.5875 0.2171875 0.115625 0.1625
0 0.4640625 0.22265625 0.115625 0.1453125
0 0.10078125 0.309375 0.1078125 0.15
0 0.7359375 0.31015625 0.13125 0.1203125
0 0.49921875 0.45078125 0.1046875 0.1796875
0 0.23359375 0.45234375 0.1140625 0.1171875
0 0.634375 0.478125 0.1625 0.1875
0 0.21640625 0.6015625 0.1265625 0.15625
0 0.48671875 0.07265625 0.0890625 0.1171875
0 0.8328125 0.1234375 0.128125 0.1375
