0 0.384375 0.14609375 0.140625 0.1703125
0 0.040625 0.1625 0.08125 0.15
2 0.2953125 0.2109375 0.140625 0.196875
2 0.10625 0.23828125 0.109375 0.1234375
2 0.05390625 0.32578125 0.1078125 0.1640625
0 0.87578125 0.33359375 0.1421875 0.1734375
5 0.1828125 0.34609375 0.1125 0.1015625
0 0.68125 0.39765625 0.14375 0.1859375
2 0.2640625 0.41796875 0.1125 0.1421875
2 0.36484375 0.4875 0.1046875 0.14375
2 0.25078125 0.646875 0.1671875 0.1
0 0.3890625 0.7109375 0.1375 0.11875
0 0.94140625 0.071875 0.1171875 0.13125
3 0.075 0.72421875 0.15 0.2109375
2 0.2875 0.73046875 0.13125 0.1265625
2 0.690625 0.734375 0.10625 0.153125
2 0.50078125 0.7421875 0.1484375 0.115625
2 0.17109375 0.75390625 0.1109375 0.1359375
2 0.60234375 0.76171875 0.1046875 0.1734375
2 0.759375 0.79140625 0.14375 0.1484375
1 0.96484375 0.81328125 0.0703125 0.1203125
2 0.8640625 0.82421875 0.159375 0.1453125
2 0.365625 0.8359375 0.140625 0.15
2 0.24375 0.85078125 0.140625 0.1640625
2 0.52265625 0.87421875 0.1609375 0.1796875
2 0.6578125 0.87578125 0.125 0.1421875
2 0.7671875 0.89296875 0.103125 0.0765625
0 0.11796875 0.90234375 0.1640625 0.1859375
0 0.9453125 0.925 0.109375 0.128125
