1 0.25703125 0.215625 0.1015625 0.11875
1 0.80625 0.28125 0.128125 0.128125
1 0.10234375 0.0328125 0.0890625 0.065625
1 0.21640625 0.3390625 0.1171875 0.15625
1 0.309375 0.3640625 0.078125 0.190625
1 0.4078125 0.384375 0.153125 0.2375
1 0.5640625 0.40390625 0.109375 0.1265625
1 0.24296875 0.4453125 0.1296875 0.134375
0 0.6890625 0.46640625 0.128125 0.2390625
1 0.41640625 0.5703125 0.1078125 0.140625
1 0.265625 0.57265625 0.128125 0.1515625
4 0.615625 0.63984375 0.109375 0.1640625
1 0.1875 0.06640625 0.11875 0.1234375
0 0.4546875 0.67109375 0.125 0.1328125
1 0.73828125 0.73828125 0.1453125 0.2015625
1 0.428125 0.77421875 0.090625 0.1203125
0 0.6453125 0.8765625 0.128125 0.153125
4 0.0265625 0.12578125 0.053125 0.2515625
