1 0.36171875 0.134375 0.0734375 0.121875
1 0.58359375 0.1359375 0.0890625 0.075
1 0.0640625 0.14140625 0.0625 0.1015625
1 0.83984375 0.146875 0.0859375 0.134375
1 0.13359375 0.16171875 0.0828125 0.1328125
1 0.71328125 0.18203125 0.0765625 0.0953125
1 0.209375 0.19765625 0.078125 0.1140625
1 0.63125 0.2109375 0.08125 0.109375
1 0.9296875 0.2265625 0.078125 0.134375
1 0.7859375 0.23046875 0.078125 0.1078125
0 0.4828125 0.31328125 0.128125 0.1859375
1 0.0640625 0.32578125 0.078125 0.1015625
1 0.77890625 0.3296875 0.0921875 0.10625
1 0.2625 0.35078125 0.078125 0.1234375
1 0.89609375 0.36875 0.0859375 0.134375
1 0.196875 0.38046875 0.084375 0.1015625
0 0.61640625 0.3921875 0.1078125 0.196875
1 0.11796875 0.04296875 0.0796875 0.0828125
1 0.8203125 0.5078125 0.059375 0.1
1 0.32734375 0.0515625 0.0890625 0.1
0 0.73203125 0.51875 0.1234375 0.290625
1 0.2484375 0.5453125 0.08125 0.08125
1 0.0734375 0.57421875 0.053125 0.1234375
1 0.36875 0.60859375 0.06875 0.1390625
0 0.6234375 0.6203125 0.1 0.234375
1 0.2796875 0.63125 0.071875 0.134375
0 0.50859375 0.65703125 0.1234375 0.1953125
0 0.165625 0.7484375 0.09375 0.1125
1 0.67578125 0.75 0.0703125 0.09375
1 0.48671875 0.07734375 0.0828125 0.1046875
1 0.78515625 0.86796875 0.0609375 0.0921875
1 0.5796875 0.90546875 0.059375 0.0921875
1 0.05390625 0.92109375 0.1046875 0.1578125
1 0.4671875 0.9265625 0.075 0.084375
1 0.4 0.92890625 0.059375 0.1140625
1 0.91640625 0.9421875 0.0578125 0.0875
1 0.53515625 0.95546875 0.0859375 0.0890625
1 0.21796875 0.1015625 0.0828125 0.1
