1 0.57109375 0.1421875 0.0953125 0.109375
0 0.79765625 0.16953125 0.0921875 0.1296875
0 0.5015625 0.2203125 0.11875 0.178125
0 0.68125 0.22109375 0.0875 0.1484375
0 0.5984375 0.2359375 0.078125 0.14375
0 0.05703125 0.2453125 0.1140625 0.1375
0 0.92578125 0.28359375 0.1484375 0.1265625
0 0.78515625 0.2953125 0.0890625 0.121875
0 0.46015625 0.37109375 0.1265625 0.1203125
1 0.0578125 0.37109375 0.08125 0.1171875
3 0.16875 0.38046875 0.125 0.1984375
0 0.715625 0.38046875 0.09375 0.1453125
1 0.9375 0.4015625 0.125 0.128125
0 0.5734375 0.4375 0.10625 0.134375
1 0.42578125 0.46015625 0.1015625 0.0921875
1 0.08125 0.54453125 0.0625 0.1046875
1 0.41953125 0.5453125 0.0921875 0.11875
0 0.79375 0.57265625 0.171875 0.1546875
0 0.62578125 0.5921875 0.1421875 0.2125
3 0.1625 0.60078125 0.09375 0.2421875
3 0.95703125 0.62578125 0.0859375 0.1953125
0 0.3453125 0.68125 0.171875 0.1375
1 0.40390625 0.0765625 0.1390625 0.125
0 0.59296875 0.790625 0.1359375 0.209375
3 0.91796875 0.815625 0.1640625 0.215625
3 0.371875 0.81953125 0.175 0.1234375
1 0.16953125 0.9125 0.1078125 0.103125
1 0.09140625 0.95703125 0.1109375 0.0859375
0 0.9046875 0.0984375 0.1 0.153125
1 0.18125 0.10859375 0.0875 0.1390625
