1 0.7265625 0.1390625 0.08125 0.1125
1 0.21171875 0.140625 0.0859375 0.134375
1 0.1171875 0.14921875 0.1125 0.1109375
1 0.41015625 0.1515625 0.0828125 0.109375
1 0.2765625 0.1703125 0.06875 0.0875
1 0.96953125 0.1796875 0.0609375 0.1
1 0.903125 0.1953125 0.0625 0.109375
1 0.59375 0.22109375 0.13125 0.1078125
1 0.75078125 0.22109375 0.0609375 0.1046875
5 0.815625 0.23828125 0.109375 0.1515625
1 0.384375 0.2421875 0.078125 0.1
1 0.071875 0.24609375 0.084375 0.0953125
0 0.20546875 0.26015625 0.0859375 0.1046875
1 0.871875 0.2640625 0.0625 0.10625
1 0.48828125 0.265625 0.0734375 0.103125
1 0.30703125 0.27265625 0.0890625 0.0859375
1 0.95625 0.275 0.0875 0.14375
1 0.61171875 0.28515625 0.0828125 0.0921875
1 0.42421875 0.31796875 0.0828125 0.0828125
1 0.0703125 0.31796875 0.078125 0.1046875
1 0.1203125 0.31953125 0.046875 0.1046875
1 0.24375 0.32265625 0.08125 0.1015625
1 0.23671875 0.034375 0.1015625 0.06875
1 0.7984375 0.34375 0.096875 0.09375
1 0.52890625 0.35078125 0.0703125 0.1078125
1 0.17421875 0.35390625 0.0796875 0.1015625
1 0.6078125 0.36953125 0.078125 0.1171875
1 0.68046875 0.3703125 0.0953125 0.0875
1 0.90390625 0.3765625 0.0828125 0.121875
1 0.384375 0.3828125 0.0875 0.115625
1 0.3015625 0.38671875 0.084375 0.0890625
1 0.0234375 0.3875 0.046875 0.115625
1 0.2140625 0.40234375 0.075 0.0796875
1 0.096875 0.415625 0.08125 0.115625
1 0.840625 0.4171875 0.084375 0.15
0 0.35546875 0.04453125 0.0859375 0.0890625
1 0.34140625 0.4546875 0.0703125 0.103125
1 0.26484375 0.46015625 0.0890625 0.1328125
1 0.984375 0.4828125 0.03125 0.1
3 0.51171875 0.490625 0.1703125 0.165625
1 0.9078125 0.49375 0.1 0.1
1 0.146875 0.49609375 0.096875 0.1015625
1 0.3625 0.52734375 0.084375 0.1015625
1 0.68125 0.5484375 0.08125 0.1125
1 0.03984375 0.55703125 0.0765625 0.1671875
1 0.19375 0.56796875 0.109375 0.0890625
1 0.61640625 0.57109375 0.0796875 0.0984375
1 0.27421875 0.57890625 0.0828125 0.1015625
0 0.9296875 0.57890625 0.078125 0.0890625
1 0.69375 0.059375 0.075 0.1
1 0.4453125 0.60703125 0.08125 0.0921875
1 0.6875 0.6421875 0.109375 0.1
0 0.03671875 0.646875 0.0515625 0.09375
1 0.2 0.64765625 0.09375 0.0921875
1 0.58046875 0.6578125 0.0765625 0.06875
1 0.30234375 0.66953125 0.0859375 0.1046875
0 0.09609375 0.67890625 0.0765625 0.0859375
1 0.34765625 0.72890625 0.0734375 0.1140625
1 0.8015625 0.740625 0.08125 0.109375
1 0.61484375 0.74140625 0.0828125 0.1171875
1 0.29140625 0.075 0.0578125 0.084375
1 0.18125 0.74921875 0.1375 0.1078125
1 0.46796875 0.0765625 0.1328125 0.09375
1 0.98125 0.7578125 0.0375 0.165625
1 0.44375 0.7734375 0.06875 0.115625
1 0.70703125 0.77578125 0.1078125 0.1359375
1 0.28203125 0.7953125 0.0734375 0.096875
1 0.346875 0.8203125 0.078125 0.109375
1 0.58828125 0.08359375 0.0921875 0.1078125
1 0.10078125 0.08359375 0.0734375 0.0828125
1 0.49453125 0.83515625 0.0828125 0.1203125
1 0.0390625 0.85703125 0.078125 0.1109375
1 0.14375 0.87890625 0.090625 0.1140625
1 0.26484375 0.89375 0.0953125 0.11875
1 0.36640625 0.93203125 0.0984375 0.1171875
1 0.9078125 0.103125 0.08125 0.128125
1 0.79375 0.11484375 0.09375 0.1078125
1 0.02265625 0.11875 0.0453125 0.11875
1 0.6546875 0.12734375 0.084375 0.1046875
