1 0.21953125 0.19609375 0.1265625 0.1515625
1 0.8890625 0.2609375 0.128125 0.140625
1 0.67265625 0.2984375 0.1109375 0.165625
1 0.41953125 0.30625 0.1171875 0.165625
1 0.25390625 0.35234375 0.1203125 0.1390625
1 0.56015625 0.4390625 0.0890625 0.10625
1 0.3328125 0.47265625 0.140625 0.1765625
5 0.7625 0.4890625 0.115625 0.134375
1 0.1421875 0.5 0.134375 0.2125
1 0.5 0.571875 0.215625 0.184375
1 0.9234375 0.5859375 0.128125 0.115625
1 0.46953125 0.69765625 0.1390625 0.1671875
1 0.74140625 0.7296875 0.1890625 0.21875
1 0.92109375 0.7421875 0.1578125 0.234375
1 0.3109375 0.7890625 0.15625 0.159375
0 0.93828125 0.93828125 0.1203125 0.1234375
1 0.25625 0.9421875 0.20625 0.115625
1 0.72890625 0.9421875 0.1421875 0.115625
