0 0.3703125 0.178125 0.115625 0.153125
4 0.9578125 0.1953125 0.075 0.19375
3 0.6734375 0.2078125 0.140625 0.25625
0 0.7921875 0.2609375 0.16875 0.140625
0 0.23125 0.30859375 0.140625 0.1859375
0 0.81953125 0.39921875 0.0953125 0.1203125
0 0.71796875 0.4 0.0953125 0.121875
4 0.125 0.41484375 0.171875 0.1390625
0 0.71953125 0.5109375 0.1953125 0.125
0 0.86875 0.51484375 0.09375 0.1828125
4 0.1515625 0.540625 0.140625 0.14375
0 0.51171875 0.55 0.1703125 0.140625
4 0.05078125 0.60390625 0.1015625 0.1984375
4 0.28828125 0.66328125 0.1265625 0.1953125
0 0.9390625 0.68671875 0.121875 0.1640625
4 0.50859375 0.69140625 0.1296875 0.1453125
0 0.646875 0.7953125 0.16875 0.140625
4 0.771875 0.90078125 0.10625 0.1390625
0 0.6125 0.9234375 0.16875 0.140625
0 0.47890625 0.1 0.1046875 0.2
