0 0.0328125 0.1625 0.065625 0.18125
0 0.6703125 0.1703125 0.10625 0.134375
3 0.13046875 0.24296875 0.0953125 0.1984375
3 0.26484375 0.28359375 0.1234375 0.1109375
0 0.59609375 0.034375 0.0984375 0.06875
0 0.57421875 0.365625 0.0953125 0.115625
3 0.29453125 0.41640625 0.1296875 0.1640625
0 0.0640625 0.42734375 0.109375 0.1265625
3 0.3921875 0.44375 0.071875 0.175
0 0.18125 0.4765625 0.096875 0.103125
0 0.54296875 0.50234375 0.0890625 0.1234375
0 0.2296875 0.58203125 0.159375 0.1390625
0 0.06953125 0.721875 0.0859375 0.125
0 0.20234375 0.796875 0.1078125 0.13125
0 0.09296875 0.82578125 0.1078125 0.1078125
0 0.75625 0.8296875 0.1875 0.14375
0 0.3390625 0.834375 0.109375 0.153125
0 0.159375 0.9203125 0.084375 0.10625
0 0.26015625 0.09296875 0.1015625 0.1546875
2 0.76640625 0.92734375 0.1328125 0.1453125
0 0.59453125 0.9453125 0.0953125 0.1
0 0.79765625 0.1015625 0.1046875 0.14375
