0 0.4703125 0.16796875 0.11875 0.1296875
0 0.90546875 0.19375 0.1546875 0.15625
0 0.75859375 0.27265625 0.1328125 0.1109375
0 0.12578125 0.30859375 0.0921875 0.1578125
0 0.24140625 0.33203125 0.1296875 0.2453125
0 0.45234375 0.37890625 0.0765625 0.1265625
0 0.5578125 0.4234375 0.1 0.134375
0 0.946875 0.453125 0.090625 0.128125
0 0.05390625 0.46015625 0.0890625 0.1328125
0 0.59765625 0.57890625 0.1015625 0.1546875
0 0.4390625 0.5953125 0.06875 0.146875
0 0.72890625 0.69765625 0.1109375 0.1640625
0 0.17109375 0.7015625 0.1296875 0.20625
0 0.353125 0.75 0.159375 0.140625
0 0.85546875 0.915625 0.1171875 0.165625
0 0.12109375 0.91796875 0.1203125 0.1640625
