0 0.6203125 0.19375 0.121875 0.2
0 0.834375 0.23203125 0.121875 0.1796875
1 0.39453125 0.37109375 0.1765625 0.2421875
1 0.5453125 0.375 0.1625 0.2125
1 0.2640625 0.38046875 0.090625 0.1078125
4 0.790625 0.4078125 0.178125 0.23125
1 0.18046875 0.4109375 0.0828125 0.146875
4 0.06484375 0.428125 0.1234375 0.209375
1 0.2734375 0.5171875 0.103125 0.146875
5 0.61015625 0.575 0.0859375 0.13125
1 0.40390625 0.5890625 0.1703125 0.209375
1 0.559375 0.63515625 0.084375 0.0921875
1 0.7359375 0.6734375 0.090625 0.18125
1 0.13828125 0.71484375 0.1546875 0.1734375
7 0.021875 0.75390625 0.03125 0.1046875
1 0.540625 0.765625 0.146875 0.16875
1 0.25 0.83984375 0.14375 0.1140625
1 0.34921875 0.10546875 0.1984375 0.1140625
