0 0.7375 0.15703125 0.103125 0.1765625
0 0.46953125 0.1703125 0.1078125 0.1125
0 0.35078125 0.21484375 0.1109375 0.1078125
0 0.809375 0.2140625 0.115625 0.196875
0 0.53984375 0.2484375 0.0859375 0.121875
0 0.0453125 0.25390625 0.090625 0.1484375
0 0.1546875 0.2546875 0.128125 0.121875
0 0.2140625 0.03515625 0.14375 0.0703125
0 0.3375 0.35234375 0.09375 0.1390625
0 0.15078125 0.39296875 0.1328125 0.1390625
0 0.73125 0.4046875 0.109375 0.134375
0 0.50234375 0.43125 0.1171875 0.19375
0 0.26875 0.46875 0.0875 0.1375
0 0.41796875 0.54140625 0.1265625 0.1078125
2 0.67578125 0.0609375 0.1765625 0.121875
0 0.51484375 0.0625 0.1296875 0.121875
2 0.66328125 0.61328125 0.1328125 0.1734375
0 0.35234375 0.6140625 0.1078125 0.18125
0 0.21015625 0.64375 0.1109375 0.121875
2 0.58515625 0.740625 0.1046875 0.1875
0 0.315625 0.7515625 0.10625 0.14375
0 0.19375 0.76328125 0.140625 0.1171875
2 0.73984375 0.8109375 0.1171875 0.15
2 0.65234375 0.8171875 0.0890625 0.125
0 0.92734375 0.8453125 0.0984375 0.18125
0 0.1953125 0.87734375 0.14375 0.1265625
0 0.91484375 0.0890625 0.1296875 0.14375
0 0.60625 0.925 0.078125 0.121875
0 0.43046875 0.9390625 0.2015625 0.121875
2 0.734375 0.94375 0.09375 0.109375
0 0.40390625 0.10625 0.1171875 0.10625
0 0.11953125 0.12578125 0.0984375 0.1296875
2 0.5984375 0.12578125 0.11875 0.2171875
0 0.04296875 0.1265625 0.0859375 0.159375
0 0.23984375 0.1296875 0.1421875 0.1375
