0 0.50703125 0.19453125 0.0859375 0.1171875
0 0.3703125 0.21328125 0.165625 0.1390625
0 0.521875 0.34296875 0.1125 0.1171875
0 0.36796875 0.3578125 0.1484375 0.128125
0 0.4640625 0.45546875 0.1125 0.1390625
0 0.03828125 0.46015625 0.0765625 0.2203125
0 0.7609375 0.48046875 0.090625 0.1890625
0 0.84765625 0.5953125 0.1140625 0.1375
0 0.940625 0.06171875 0.11875 0.1234375
0 0.684375 0.6875 0.096875 0.109375
0 0.39140625 0.071875 0.1765625 0.14375
0 0.0796875 0.76796875 0.125 0.1796875
0 0.465625 0.78046875 0.09375 0.1265625
0 0.61875 0.8125 0.10625 0.15625
0 0.415625 0.87734375 0.09375 0.1265625
0 0.553125 0.890625 0.109375 0.15
