1 0.33359375 0.13828125 0.0859375 0.1359375
1 0.4015625 0.1890625 0.090625 0.1375
3 0.73359375 0.22265625 0.1265625 0.2046875
1 0.1078125 0.246875 0.125 0.125
3 0.2515625 0.25390625 0.140625 0.1828125
1 0.65 0.2671875 0.10625 0.1625
0 0.8609375 0.27109375 0.1375 0.1390625
1 0.378125 0.0296875 0.109375 0.059375
0 0.521875 0.28828125 0.121875 0.2640625
5 0.4015625 0.3375 0.121875 0.15625
1 0.10859375 0.3421875 0.1203125 0.10625
1 0.575 0.03984375 0.13125 0.0796875
1 0.13125 0.4421875 0.1 0.115625
0 0.61875 0.446875 0.14375 0.246875
1 0.103125 0.04765625 0.06875 0.0921875
1 0.42890625 0.4859375 0.1015625 0.125
1 0.778125 0.765625 0.15 0.159375
0 0.41875 0.88046875 0.1375 0.1609375
7 0.19453125 0.93984375 0.1515625 0.1203125
3 0.9109375 0.10625 0.134375 0.15
