0 0.68828125 0.20625 0.1671875 0.25
3 0.4625 0.2578125 0.284375 0.15625
0 0.1265625 0.30390625 0.140625 0.1703125
0 0.2375 0.3375 0.096875 0.121875
0 0.234375 0.49765625 0.146875 0.1890625
0 0.471875 0.59609375 0.090625 0.1265625
0 0.69765625 0.6265625 0.0890625 0.23125
0 0.225 0.65703125 0.109375 0.1578125
0 0.44453125 0.7578125 0.1265625 0.08125
3 0.9140625 0.7875 0.14375 0.2375
0 0.15546875 0.79453125 0.1109375 0.1265625
0 0.5203125 0.8375 0.1125 0.10625
0 0.36796875 0.84375 0.0703125 0.11875
0 0.75859375 0.92890625 0.1671875 0.1171875
