1 0.16484375 0.1390625 0.0953125 0.1375
1 0.78046875 0.14609375 0.0671875 0.1390625
1 0.62890625 0.16328125 0.1140625 0.1546875
1 0.71171875 0.16640625 0.0953125 0.1421875
1 0.090625 0.1828125 0.1 0.08125
1 0.2453125 0.18984375 0.0875 0.1640625
1 0.95625 0.21953125 0.06875 0.1296875
1 0.8546875 0.23984375 0.1 0.1421875
1 0.18203125 0.25625 0.1234375 0.140625
1 0.08046875 0.25625 0.1171875 0.128125
1 0.5359375 0.2640625 0.084375 0.134375
1 0.3453125 0.265625 0.071875 0.103125
1 0.41328125 0.27890625 0.0734375 0.0984375
1 0.615625 0.28515625 0.121875 0.1578125
1 0.71953125 0.2984375 0.1234375 0.146875
1 0.61953125 0.3 0.1015625 0.140625
1 0.24609375 0.33203125 0.1234375 0.1578125
1 0.33359375 0.33515625 0.0859375 0.0828125
1 0.42890625 0.34765625 0.1015625 0.1109375
1 0.053125 0.3546875 0.10625 0.121875
1 0.1390625 0.3609375 0.08125 0.153125
1 0.38203125 0.03671875 0.1203125 0.0734375
1 0.4875 0.0375 0.11875 0.075
1 0.97109375 0.36640625 0.0578125 0.1578125
1 0.525 0.365625 0.09375 0.103125
1 0.83515625 0.3765625 0.1265625 0.115625
1 0.5953125 0.38828125 0.084375 0.0953125
1 0.67890625 0.43828125 0.0953125 0.1484375
1 0.7953125 0.4421875 0.096875 0.146875
1 0.2609375 0.44296875 0.08125 0.1015625
1 0.9390625 0.446875 0.103125 0.2125
1 0.4171875 0.45078125 0.08125 0.1171875
1 0.47734375 0.45625 0.0796875 0.115625
1 0.340625 0.46640625 0.06875 0.0796875
1 0.1015625 0.475 0.159375 0.140625
1 0.85625 0.47890625 0.05 0.1109375
1 0.97421875 0.0484375 0.0515625 0.096875
1 0.12578125 0.05078125 0.1015625 0.0890625
1 0.3203125 0.05234375 0.06875 0.0921875
1 0.675 0.0515625 0.134375 0.103125
1 0.5578125 0.51171875 0.09375 0.1265625
1 0.30234375 0.51328125 0.0640625 0.1109375
1 0.2296875 0.5234375 0.13125 0.165625
1 0.621875 0.5328125 0.103125 0.10625
1 0.72265625 0.540625 0.1296875 0.184375
1 0.3453125 0.55234375 0.06875 0.0828125
1 0.9140625 0.559375 0.08125 0.146875
1 0.41328125 0.59375 0.1171875 0.1625
1 0.83515625 0.60546875 0.1203125 0.1265625
1 0.1453125 0.6046875 0.084375 0.16875
1 0.590625 0.6171875 0.125 0.15
1 0.22890625 0.63515625 0.1078125 0.1328125
1 0.32890625 0.64140625 0.1046875 0.1484375
1 0.9703125 0.64375 0.059375 0.2
1 0.0375 0.06640625 0.075 0.1109375
1 0.03828125 0.66640625 0.0765625 0.1609375
1 0.20703125 0.06953125 0.0890625 0.1203125
1 0.5421875 0.7 0.146875 0.1125
1 0.72109375 0.70390625 0.1296875 0.1703125
1 0.11015625 0.70546875 0.1015625 0.1546875
1 0.91875 0.07265625 0.0875 0.0953125
1 0.453125 0.7234375 0.109375 0.171875
1 0.2046875 0.73984375 0.125 0.1640625
1 0.80859375 0.7421875 0.1484375 0.146875
1 0.3140625 0.77109375 0.1 0.1484375
1 0.9328125 0.7765625 0.134375 0.15
1 0.39453125 0.78203125 0.1359375 0.1421875
1 0.628125 0.79296875 0.1375 0.1265625
1 0.04609375 0.79453125 0.0921875 0.1359375
1 0.71953125 0.84453125 0.1484375 0.1359375
1 0.15 0.84921875 0.16875 0.1859375
1 0.31171875 0.88125 0.1671875 0.115625
1 0.275 0.08984375 0.071875 0.1078125
1 0.9625 0.90546875 0.075 0.1734375
1 0.0390625 0.91640625 0.078125 0.1671875
1 0.43046875 0.9328125 0.0984375 0.084375
1 0.71328125 0.934375 0.1359375 0.13125
1 0.1671875 0.93984375 0.23125 0.1203125
1 0.45234375 0.9640625 0.2046875 0.071875
1 0.85625 0.1 0.115625 0.140625
1 0.3859375 0.12265625 0.1 0.1140625
1 0.51171875 0.1234375 0.1828125 0.13125
1 0.05546875 0.12734375 0.1109375 0.1265625
