0 0.57265625 0.14921875 0.1328125 0.1453125
0 0.8984375 0.1953125 0.1125 0.084375
1 0.53984375 0.26328125 0.1296875 0.1203125
0 0.88125 0.2640625 0.1125 0.084375
1 0.340625 0.35546875 0.13125 0.1234375
1 0.05625 0.040625 0.1125 0.075
2 0.84453125 0.41640625 0.1640625 0.1296875
1 0.4703125 0.45859375 0.109375 0.1296875
1 0.06875 0.4859375 0.1375 0.121875
1 0.72109375 0.52265625 0.1203125 0.1015625
5 0.5765625 0.56484375 0.1375 0.1234375
1 0.82109375 0.0796875 0.1015625 0.096875
1 0.23515625 0.84609375 0.0921875 0.1171875
2 0.13515625 0.853125 0.1421875 0.1375
1 0.25078125 0.95 0.1078125 0.096875
1 0.95390625 0.1078125 0.0890625 0.13125
