0 0.61640625 0.1625 0.1328125 0.11875
0 0.4859375 0.2203125 0.1125 0.13125
8 0.81484375 0.2515625 0.1296875 0.121875
0 0.7640625 0.346875 0.11875 0.15
0 0.846875 0.3828125 0.0875 0.1
0 0.66796875 0.3921875 0.0921875 0.146875
6 0.28359375 0.4125 0.1078125 0.234375
0 0.7875 0.503125 0.121875 0.1625
0 0.55625 0.5125 0.1 0.1625
0 0.6765625 0.5484375 0.09375 0.2
0 0.334375 0.56015625 0.121875 0.1203125
0 0.46015625 0.56328125 0.0953125 0.1609375
0 0.38203125 0.59921875 0.0984375 0.1140625
0 0.59609375 0.65078125 0.1109375 0.1203125
