3 0.51484375 0.19453125 0.2328125 0.1390625
2 0.7125 0.209375 0.178125 0.184375
0 0.4734375 0.34375 0.10625 0.11875
2 0.64296875 0.3796875 0.1671875 0.215625
2 0.40390625 0.43984375 0.0734375 0.1265625
8 0.28515625 0.49140625 0.1171875 0.1671875
0 0.44609375 0.5046875 0.0890625 0.153125
0 0.1 0.66953125 0.08125 0.1140625
0 0.546875 0.06875 0.103125 0.1375
0 0.0734375 0.78671875 0.146875 0.1265625
2 0.2984375 0.80859375 0.103125 0.1234375
0 0.45390625 0.084375 0.1046875 0.153125
2 0.68828125 0.88046875 0.0953125 0.1171875
0 0.80390625 0.0921875 0.1328125 0.15625
0 0.18125 0.925 0.153125 0.146875
