3 0.61640625 0.14140625 0.1453125 0.2828125
3 0.75390625 0.14375 0.1546875 0.2375
0 0.4125 0.16796875 0.140625 0.1796875
0 0.0265625 0.26953125 0.053125 0.1265625
0 0.53046875 0.27109375 0.1046875 0.1296875
0 0.0859375 0.3109375 0.0875 0.1625
0 0.040625 0.51484375 0.08125 0.1796875
0 0.3640625 0.525 0.090625 0.190625
0 0.96953125 0.55703125 0.0609375 0.1328125
0 0.30234375 0.6109375 0.0859375 0.1625
0 0.23828125 0.61796875 0.0640625 0.1640625
0 0.07109375 0.071875 0.1421875 0.140625
0 0.16484375 0.70546875 0.1109375 0.1265625
3 0.23984375 0.81953125 0.1171875 0.1671875
0 0.88515625 0.82421875 0.1953125 0.1546875
3 0.3328125 0.85859375 0.09375 0.2640625
0 0.12890625 0.1171875 0.1546875 0.15625
0 0.271875 0.125 0.096875 0.1
