4 0.409375 0.25078125 0.1125 0.2109375
0 0.4109375 0.403125 0.096875 0.1125
0 0.5125 0.4515625 0.084375 0.13125
4 0.95859375 0.47265625 0.0828125 0.1640625
4 0.41484375 0.51171875 0.1421875 0.1046875
4 0.1734375 0.5234375 0.15625 0.146875
0 0.303125 0.578125 0.1 0.146875
4 0.57109375 0.6046875 0.0953125 0.153125
0 0.40546875 0.61484375 0.0890625 0.1203125
4 0.14140625 0.64609375 0.1421875 0.1734375
0 0.478125 0.64765625 0.090625 0.1484375
0 0.3484375 0.69453125 0.090625 0.1046875
0 0.6640625 0.71796875 0.09375 0.1703125
4 0.88125 0.79921875 0.209375 0.2953125
4 0.55234375 0.8078125 0.1171875 0.165625
