2 0.5796875 0.225 0.13125 0.140625
0 0.16640625 0.26015625 0.1890625 0.3109375
0 0.4328125 0.26953125 0.209375 0.2140625
0 0.84296875 0.3734375 0.3109375 0.25
0 0.36796875 0.4609375 0.1640625 0.165625
5 0.91875 0.05234375 0.1 0.1046875
7 0.92265625 0.67578125 0.0640625 0.1171875
0 0.07265625 0.071875 0.1234375 0.14375
1 0.19453125 0.8234375 0.1265625 0.134375
0 0.6265625 0.86328125 0.159375 0.1390625
5 0.05703125 0.90078125 0.1140625 0.1953125
2 0.4953125 0.9359375 0.115625 0.128125
2 0.40859375 0.93828125 0.0953125 0.1234375
