0 0.4921875 0.1421875 0.08125 0.115625
0 0.17265625 0.190625 0.1140625 0.1625
3 0.78125 0.2125 0.090625 0.11875
0 0.40390625 0.22734375 0.0984375 0.0890625
0 0.69375 0.2359375 0.10625 0.121875
0 0.05625 0.27109375 0.109375 0.1890625
3 0.48671875 0.271875 0.0921875 0.115625
3 0.2359375 0.29296875 0.1 0.1515625
0 0.39140625 0.32265625 0.1171875 0.1015625
3 0.9625 0.33203125 0.075 0.1609375
3 0.59375 0.3546875 0.115625 0.13125
0 0.3171875 0.38359375 0.121875 0.1203125
1 0.62421875 0.44453125 0.1046875 0.1078125
3 0.84453125 0.453125 0.1109375 0.1
0 0.4109375 0.48984375 0.1125 0.1421875
0 0.21640625 0.52421875 0.1328125 0.1671875
3 0.49921875 0.53359375 0.1234375 0.1421875
0 0.32890625 0.54453125 0.1078125 0.1328125
0 0.715625 0.05625 0.121875 0.1125
0 0.58046875 0.06484375 0.1109375 0.1296875
0 0.6421875 0.65703125 0.15 0.2234375
0 0.88359375 0.66484375 0.0953125 0.1484375
0 0.52421875 0.66640625 0.0859375 0.1671875
0 0.33515625 0.7015625 0.1234375 0.18125
0 0.44140625 0.7390625 0.0953125 0.190625
1 0.8984375 0.77265625 0.071875 0.1046875
0 0.0296875 0.7796875 0.059375 0.121875
1 0.95390625 0.87890625 0.0859375 0.0953125
3 0.1796875 0.88515625 0.171875 0.2046875
0 0.43515625 0.11875 0.1015625 0.115625
