0 0.034375 0.14296875 0.06875 0.1515625
0 0.3375 0.18984375 0.090625 0.1984375
0 0.89296875 0.19140625 0.0578125 0.1484375
1 0.603125 0.2125 0.109375 0.115625
0 0.78125 0.2171875 0.115625 0.121875
0 0.18359375 0.02421875 0.1203125 0.0484375
0 0.25859375 0.2515625 0.0703125 0.146875
0 0.12578125 0.2578125 0.0703125 0.121875
0 0.19375 0.2796875 0.075 0.15625
0 0.09296875 0.29765625 0.0921875 0.1578125
1 0.96015625 0.36640625 0.0640625 0.1546875
0 0.03671875 0.38203125 0.0734375 0.1296875
0 0.66328125 0.4 0.1171875 0.18125
0 0.3296875 0.40234375 0.096875 0.1515625
0 0.7625 0.4203125 0.090625 0.178125
0 0.44921875 0.428125 0.0890625 0.121875
0 0.8515625 0.4515625 0.08125 0.209375
0 0.1140625 0.5296875 0.125 0.2
0 0.78046875 0.565625 0.1046875 0.1375
0 0.41875 0.56953125 0.078125 0.1578125
0 0.63359375 0.5921875 0.1046875 0.153125
0 0.81328125 0.06640625 0.1046875 0.1234375
0 0.96484375 0.68984375 0.0703125 0.1453125
0 0.83515625 0.70078125 0.0890625 0.1703125
0 0.74140625 0.7109375 0.0859375 0.1625
0 0.66484375 0.765625 0.0921875 0.1125
0 0.31796875 0.76796875 0.1171875 0.1703125
0 0.60546875 0.0828125 0.0890625 0.1
0 0.571875 0.8421875 0.11875 0.11875
0 0.41796875 0.87578125 0.0984375 0.0859375
0 0.93359375 0.91015625 0.1203125 0.1765625
0 0.49453125 0.91171875 0.0796875 0.1546875
0 0.734375 0.103125 0.103125 0.090625
