6 0.33671875 0.1328125 0.1109375 0.25625
4 0.86875 0.178125 0.1 0.171875
0 0.4234375 0.2140625 0.08125 0.115625
4 0.175 0.240625 0.16875 0.16875
8 0.7671875 0.28515625 0.1875 0.1015625
8 0.06328125 0.28671875 0.1265625 0.1078125
0 0.48125 0.3421875 0.125 0.1375
4 0.92578125 0.36875 0.1484375 0.215625
4 0.18515625 0.41953125 0.2140625 0.2015625
4 0.540625 0.55 0.16875 0.153125
0 0.72421875 0.58515625 0.2484375 0.1390625
8 0.39765625 0.58671875 0.1578125 0.1796875
0 0.6171875 0.8390625 0.109375 0.146875
4 0.1734375 0.91015625 0.21875 0.1796875
