1 0.5671875 0.13671875 0.109375 0.1703125
1 0.6703125 0.171875 0.13125 0.11875
5 0.3 0.18125 0.125 0.1625
1 0.1421875 0.2171875 0.115625 0.08125
1 0.05078125 0.2171875 0.1015625 0.109375
1 0.40546875 0.2234375 0.0921875 0.171875
1 0.82890625 0.228125 0.0890625 0.134375
1 0.615625 0.2671875 0.11875 0.11875
1 0.5203125 0.2875 0.0875 0.115625
1 0.71484375 0.3109375 0.1390625 0.128125
1 0.9296875 0.321875 0.140625 0.140625
1 0.0390625 0.32890625 0.078125 0.1234375
1 0.425 0.3546875 0.13125 0.109375
1 0.215625 0.35625 0.103125 0.128125
1 0.56640625 0.390625 0.0953125 0.115625
1 0.115625 0.40234375 0.08125 0.1421875
1 0.30234375 0.42734375 0.0671875 0.1171875
1 0.91015625 0.0453125 0.1359375 0.090625
1 0.8828125 0.46015625 0.115625 0.1046875
1 0.77265625 0.46953125 0.0703125 0.1484375
1 0.67578125 0.490625 0.0953125 0.1375
1 0.62578125 0.0515625 0.0828125 0.1
1 0.9796875 0.5390625 0.040625 0.184375
1 0.2515625 0.05546875 0.103125 0.1109375
1 0.04296875 0.5484375 0.0859375 0.13125
1 0.34609375 0.57734375 0.1390625 0.1359375
1 0.040625 0.05859375 0.08125 0.1171875
1 0.128125 0.059375 0.1125 0.11875
1 0.78046875 0.59140625 0.1734375 0.1203125
1 0.490625 0.065625 0.10625 0.11875
1 0.196875 0.65703125 0.090625 0.1421875
1 0.44765625 0.6703125 0.0859375 0.1
1 0.0890625 0.68671875 0.140625 0.1484375
1 0.9328125 0.69375 0.121875 0.109375
1 0.26953125 0.7171875 0.0828125 0.103125
1 0.75 0.07421875 0.134375 0.1203125
1 0.03046875 0.74609375 0.0609375 0.1109375
1 0.821875 0.74765625 0.1375 0.1328125
1 0.55 0.7671875 0.096875 0.11875
1 0.3578125 0.77265625 0.1125 0.1421875
1 0.20234375 0.7796875 0.0859375 0.128125
1 0.4484375 0.81875 0.10625 0.14375
1 0.946875 0.8203125 0.10625 0.140625
1 0.28515625 0.83671875 0.0984375 0.1484375
1 0.10546875 0.8390625 0.1171875 0.153125
1 0.865625 0.8453125 0.096875 0.115625
1 0.02109375 0.85234375 0.0421875 0.1046875
1 0.071875 0.89296875 0.1 0.1046875
1 0.9046875 0.91640625 0.071875 0.1265625
1 0.21484375 0.93125 0.1171875 0.128125
1 0.5796875 0.9484375 0.1125 0.103125
1 0.6890625 0.9515625 0.090625 0.096875
1 0.48515625 0.9546875 0.0859375 0.090625
1 0.3578125 0.95625 0.159375 0.0875
1 0.1125 0.96875 0.078125 0.0625
1 0.17109375 0.10390625 0.0828125 0.1078125
1 0.87265625 0.10703125 0.0921875 0.1265625
