1 0.4125 0.2125 0.146875 0.1625
1 0.15859375 0.24453125 0.1140625 0.1421875
1 0.63984375 0.26953125 0.1109375 0.1546875
1 0.53359375 0.2765625 0.0921875 0.146875
1 0.3375 0.3 0.146875 0.16875
1 0.1859375 0.0375 0.146875 0.075
1 0.1640625 0.371875 0.09375 0.11875
1 0.48203125 0.4109375 0.1234375 0.115625
1 0.63828125 0.43359375 0.1484375 0.1421875
1 0.3984375 0.4359375 0.103125 0.134375
1 0.2859375 0.49140625 0.11875 0.1359375
1 0.53671875 0.5296875 0.1171875 0.1125
1 0.16015625 0.5453125 0.1046875 0.153125
5 0.37578125 0.5640625 0.0984375 0.11875
1 0.69375 0.59609375 0.10625 0.1234375
1 0.59453125 0.6265625 0.1265625 0.1375
1 0.24140625 0.64453125 0.1546875 0.1578125
1 0.0875 0.65234375 0.13125 0.1578125
1 0.73359375 0.69765625 0.1140625 0.1171875
1 0.4671875 0.71015625 0.125 0.1578125
1 0.0578125 0.76875 0.115625 0.15
1 0.57890625 0.77890625 0.1203125 0.1890625
1 0.68125 0.8140625 0.109375 0.146875
1 0.809375 0.8265625 0.14375 0.13125
1 0.95546875 0.884375 0.0890625 0.146875
1 0.04765625 0.90078125 0.0953125 0.1484375
1 0.7046875 0.9140625 0.11875 0.15
1 0.81171875 0.93828125 0.0890625 0.1171875
1 0.10625 0.965625 0.10625 0.06875
1 0.25703125 0.09921875 0.1421875 0.1546875
1 0.36015625 0.1078125 0.1390625 0.1125
5 0.1140625 0.11484375 0.090625 0.1015625
