1 0.1578125 0.1421875 0.096875 0.103125
1 0.79140625 0.1640625 0.0890625 0.115625
1 0.6828125 0.1796875 0.08125 0.1
1 0.52578125 0.2171875 0.1171875 0.140625
1 0.62109375 0.2203125 0.0953125 0.11875
1 0.43515625 0.23125 0.0765625 0.1125
1 0.27109375 0.26015625 0.0796875 0.1140625
1 0.74140625 0.27265625 0.1046875 0.1203125
1 0.2265625 0.321875 0.065625 0.13125
1 0.45078125 0.3625 0.0953125 0.109375
1 0.12890625 0.3890625 0.0859375 0.090625
1 0.03984375 0.41640625 0.0671875 0.1390625
1 0.64375 0.42421875 0.096875 0.1328125
1 0.76484375 0.46328125 0.1328125 0.1328125
1 0.5890625 0.51015625 0.078125 0.0984375
1 0.4234375 0.5328125 0.09375 0.1125
1 0.040625 0.54609375 0.078125 0.0921875
1 0.753125 0.05546875 0.078125 0.1015625
1 0.3640625 0.0609375 0.078125 0.121875
1 0.49140625 0.6140625 0.0953125 0.096875
1 0.07265625 0.6703125 0.0703125 0.10625
1 0.53671875 0.6984375 0.0921875 0.103125
1 0.13046875 0.71640625 0.0546875 0.0890625
1 0.85234375 0.721875 0.0921875 0.128125
1 0.30390625 0.73203125 0.0734375 0.1328125
1 0.721875 0.75703125 0.078125 0.1265625
1 0.4 0.81484375 0.1 0.0953125
1 0.50234375 0.8171875 0.0765625 0.15
1 0.8890625 0.82734375 0.078125 0.1078125
1 0.82734375 0.8578125 0.0828125 0.1125
1 0.30546875 0.89453125 0.0984375 0.1203125
1 0.8015625 0.94765625 0.115625 0.0890625
