0 0.61875 0.1578125 0.140625 0.20625
0 0.265625 0.24921875 0.15625 0.1890625
2 0.4421875 0.29765625 0.171875 0.2109375
0 0.86015625 0.31796875 0.1015625 0.1390625
2 0.953125 0.44375 0.09375 0.3375
0 0.8546875 0.4484375 0.1125 0.128125
0 0.2921875 0.459375 0.178125 0.240625
7 0.5015625 0.4984375 0.9875 0.971875
0 0.47890625 0.63203125 0.1359375 0.1265625
0 0.08125 0.6546875 0.1625 0.253125
0 0.50546875 0.76015625 0.1765625 0.1515625
2 0.9078125 0.771875 0.159375 0.14375
0 0.74609375 0.1109375 0.1546875 0.221875
