0 0.5546875 0.1796875 0.10625 0.128125
0 0.715625 0.19375 0.1125 0.140625
0 0.3390625 0.21640625 0.096875 0.1265625
1 0.79453125 0.23203125 0.0984375 0.1296875
0 0.56484375 0.36484375 0.1171875 0.1765625
0 0.0734375 0.40703125 0.08125 0.1921875
0 0.475 0.41328125 0.078125 0.1265625
0 0.15625 0.4203125 0.09375 0.19375
0 0.2578125 0.42578125 0.1 0.2546875
0 0.8578125 0.50234375 0.121875 0.2140625
0 0.3578125 0.5296875 0.115625 0.190625
0 0.31328125 0.05859375 0.1234375 0.1171875
0 0.6625 0.5875 0.153125 0.240625
0 0.5375 0.5953125 0.121875 0.23125
0 0.53203125 0.65078125 0.0015625 0.0046875
0 0.31640625 0.665625 0.1015625 0.1875
0 0.21796875 0.6703125 0.0953125 0.190625
0 0.4890625 0.0765625 0.1 0.1125
0 0.571875 0.796875 0.14375 0.146875
1 0.4609375 0.8 0.0875 0.15625
0 0.08046875 0.8125 0.1078125 0.134375
0 0.2734375 0.8265625 0.103125 0.153125
0 0.1921875 0.8453125 0.096875 0.153125
0 0.36484375 0.8515625 0.1140625 0.15625
0 0.03203125 0.853125 0.0640625 0.153125
1 0.52265625 0.9390625 0.1046875 0.11875
1 0.88828125 0.94765625 0.1046875 0.1046875
0 0.37265625 0.9515625 0.1453125 0.096875
0 0.2234375 0.959375 0.14375 0.08125
