1 0.08984375 0.15 0.0828125 0.084375
1 0.640625 0.153125 0.096875 0.09375
1 0.79921875 0.17109375 0.0859375 0.1171875
0 0.87109375 0.17734375 0.0859375 0.0859375
1 0.2828125 0.1796875 0.0875 0.1
1 0.03828125 0.184375 0.0765625 0.08125
1 0.4078125 0.1875 0.078125 0.103125
1 0.52109375 0.19140625 0.0796875 0.1140625
1 0.175 0.2015625 0.065625 0.103125
1 0.6703125 0.21640625 0.096875 0.1015625
1 0.22734375 0.21640625 0.0640625 0.0921875
1 0.6015625 0.228125 0.090625 0.103125
1 0.03125 0.025 0.0625 0.05
1 0.9203125 0.240625 0.1 0.084375
1 0.34921875 0.2515625 0.0859375 0.1
1 0.8015625 0.25078125 0.065625 0.0796875
1 0.44140625 0.25625 0.0734375 0.0875
0 0.13515625 0.26171875 0.0484375 0.0796875
1 0.21484375 0.28125 0.0765625 0.103125
1 0.94140625 0.0296875 0.1046875 0.059375
1 0.84921875 0.29765625 0.0828125 0.0921875
1 0.0203125 0.3 0.040625 0.125
0 0.29140625 0.30390625 0.0828125 0.1203125
1 0.9796875 0.3078125 0.040625 0.11875
1 0.86640625 0.03125 0.0734375 0.0625
1 0.57421875 0.31484375 0.0609375 0.0890625
1 0.39375 0.33671875 0.078125 0.1140625
0 0.078125 0.34140625 0.078125 0.1140625
1 0.70859375 0.35078125 0.0890625 0.1109375
1 0.18671875 0.35234375 0.0859375 0.0890625
1 0.7828125 0.353125 0.090625 0.109375
1 0.525 0.3734375 0.078125 0.084375
1 0.93515625 0.37578125 0.0734375 0.1140625
1 0.57109375 0.0390625 0.0796875 0.078125
1 0.46171875 0.378125 0.0765625 0.0875
1 0.634375 0.3828125 0.071875 0.084375
1 0.025 0.39296875 0.05 0.1109375
1 0.13046875 0.396875 0.0671875 0.109375
1 0.35 0.39921875 0.059375 0.1015625
0 0.86875 0.4046875 0.0625 0.09375
0 0.2796875 0.409375 0.090625 0.084375
1 0.10234375 0.04453125 0.0671875 0.0859375
1 0.19453125 0.43125 0.0765625 0.084375
0 0.79375 0.0453125 0.1 0.090625
1 0.60625 0.45 0.09375 0.096875
1 0.78828125 0.46015625 0.0859375 0.1109375
1 0.06875 0.46171875 0.065625 0.0734375
0 0.53828125 0.4625 0.0671875 0.103125
1 0.33515625 0.4875 0.0546875 0.078125
1 0.2234375 0.496875 0.084375 0.078125
1 0.834375 0.49765625 0.065625 0.1046875
1 0.12734375 0.503125 0.0859375 0.075
1 0.2828125 0.509375 0.06875 0.1
1 0.45234375 0.509375 0.0734375 0.121875
1 0.975 0.5125 0.05 0.109375
1 0.38203125 0.5140625 0.0828125 0.103125
1 0.26796875 0.053125 0.0953125 0.10625
1 0.93046875 0.53203125 0.0765625 0.0890625
0 0.7703125 0.55859375 0.065625 0.1109375
0 0.5296875 0.5640625 0.0875 0.14375
1 0.03828125 0.565625 0.0765625 0.096875
1 0.18828125 0.5703125 0.0703125 0.084375
1 0.39921875 0.5765625 0.0640625 0.096875
1 0.6296875 0.5765625 0.08125 0.13125
1 0.1078125 0.5796875 0.08125 0.090625
1 0.303125 0.59140625 0.08125 0.1109375
0 0.7171875 0.59296875 0.0375 0.1015625
0 0.68046875 0.62265625 0.0390625 0.0890625
1 0.2578125 0.625 0.103125 0.13125
1 0.83046875 0.6265625 0.0828125 0.109375
1 0.5 0.65234375 0.075 0.1015625
1 0.11796875 0.65546875 0.0859375 0.0859375
1 0.94609375 0.65859375 0.1078125 0.0890625
1 0.43125 0.6640625 0.1 0.1
1 0.04609375 0.66875 0.0890625 0.1125
1 0.19296875 0.67421875 0.0828125 0.1296875
1 0.60546875 0.68125 0.0984375 0.096875
1 0.80625 0.72578125 0.103125 0.1234375
1 0.1359375 0.73203125 0.065625 0.0953125
1 0.89296875 0.73125 0.0921875 0.0875
1 0.3171875 0.7359375 0.084375 0.10625
1 0.440625 0.75 0.075 0.096875
1 0.409375 0.07578125 0.1 0.1046875
1 0.165625 0.07734375 0.084375 0.0796875
1 0.64296875 0.75859375 0.0796875 0.1078125
1 0.08671875 0.7625 0.0859375 0.10625
1 0.55078125 0.765625 0.0765625 0.1
1 0.39140625 0.78671875 0.0703125 0.0890625
1 0.1625 0.80703125 0.078125 0.1015625
1 0.2359375 0.825 0.06875 0.1
1 0.7453125 0.82734375 0.078125 0.1046875
1 0.465625 0.83203125 0.078125 0.1109375
1 0.90390625 0.08359375 0.0640625 0.0984375
1 0.3890625 0.853125 0.096875 0.0875
1 0.91875 0.85546875 0.06875 0.1046875
1 0.30703125 0.8578125 0.0859375 0.134375
1 0.61796875 0.85703125 0.0734375 0.1140625
1 0.10625 0.87109375 0.1125 0.1109375
1 0.0421875 0.88515625 0.075 0.1171875
1 0.98203125 0.89375 0.0359375 0.134375
0 0.85 0.91484375 0.084375 0.0953125
1 0.60546875 0.934375 0.0890625 0.0875
1 0.7765625 0.94296875 0.0875 0.1140625
1 0.36640625 0.95234375 0.0796875 0.0921875
1 0.1328125 0.95390625 0.109375 0.0921875
1 0.23046875 0.95859375 0.0609375 0.0828125
1 0.90234375 0.96171875 0.1015625 0.0765625
1 0.046875 0.0984375 0.09375 0.09375
1 0.29296875 0.9671875 0.0703125 0.065625
1 0.734375 0.971875 0.08125 0.05625
1 0.6578125 0.9734375 0.078125 0.053125
1 0.71015625 0.1078125 0.0890625 0.125
1 0.96640625 0.11015625 0.0671875 0.1609375
1 0.21171875 0.1125 0.1078125 0.0875
0 0.34609375 0.11875 0.0703125 0.1
1 0.57578125 0.1234375 0.1140625 0.121875
