1 0.13203125 0.15078125 0.0859375 0.0953125
2 0.346875 0.17265625 0.109375 0.1234375
1 0.70078125 0.17421875 0.0859375 0.0859375
5 0.65 0.275 0.09375 0.103125
2 0.2375 0.29609375 0.125 0.1609375
1 0.5265625 0.359375 0.1125 0.065625
1 0.08828125 0.3734375 0.0796875 0.08125
2 0.58359375 0.41953125 0.1171875 0.0859375
1 0.81328125 0.440625 0.0890625 0.09375
2 0.17265625 0.4828125 0.1453125 0.109375
1 0.103125 0.05 0.084375 0.1
5 0.60859375 0.50078125 0.1171875 0.1140625
2 0.31875 0.51015625 0.125 0.1640625
1 0.49296875 0.528125 0.0859375 0.125
1 0.93984375 0.54140625 0.0890625 0.1015625
1 0.8203125 0.55390625 0.10625 0.0859375
2 0.434375 0.05703125 0.103125 0.1109375
1 0.55546875 0.63125 0.0765625 0.128125
5 0.6953125 0.63515625 0.096875 0.1234375
5 0.04140625 0.67421875 0.0828125 0.1140625
1 0.33828125 0.68984375 0.0921875 0.0828125
1 0.73671875 0.0703125 0.0890625 0.0875
5 0.34296875 0.0734375 0.0953125 0.084375
1 0.03515625 0.77578125 0.0703125 0.0671875
1 0.7140625 0.81015625 0.10625 0.0984375
1 0.30703125 0.8578125 0.0859375 0.059375
1 0.44375 0.86953125 0.115625 0.0828125
5 0.425 0.94375 0.09375 0.0875
1 0.52421875 0.94765625 0.1046875 0.0828125
2 0.20546875 0.95859375 0.1265625 0.0828125
2 0.54140625 0.096875 0.1265625 0.128125
5 0.2828125 0.125 0.084375 0.109375
