-1 0.946875 0.01328125 0.03125 0.0265625
0 0.0703125 0.13203125 0.140625 0.1734375
4 0.2859375 0.15546875 0.03125 0.0328125
0 0.3328125 0.165625 0.084375 0.14375
0 0.42421875 0.16875 0.1015625 0.121875
-1 0.84375 0.0171875 0.05 0.034375
0 0.97265625 0.18125 0.0546875 0.16875
0 0.8859375 0.23515625 0.125 0.1546875
0 0.346875 0.334375 0.1 0.10625
0 0.76171875 0.33515625 0.1296875 0.1703125
4 0.8921875 0.3453125 0.08125 0.10625
-1 0.06953125 0.35078125 0.0234375 0.0296875
0 0.26171875 0.35390625 0.0765625 0.1328125
0 0.46328125 0.36328125 0.0796875 0.1671875
0 0.55 0.36640625 0.10625 0.1640625
0 0.63828125 0.42265625 0.0828125 0.1171875
0 0.4171875 0.04453125 0.10625 0.0890625
3 0.16640625 0.4375 0.1484375 0.140625
0 0.37109375 0.446875 0.1171875 0.128125
3 0.81953125 0.49296875 0.1515625 0.1546875
4 0.909375 0.5078125 0.05625 0.084375
0 0.53125 0.51171875 0.103125 0.1421875
0 0.61171875 0.51328125 0.0859375 0.0671875
4 0.58046875 0.05234375 0.0609375 0.0828125
4 0.98125 0.053125 0.0375 0.05625
0 0.64296875 0.56953125 0.1265625 0.0953125
4 0.83828125 0.05703125 0.0296875 0.0421875
0 0.17890625 0.5796875 0.1484375 0.140625
0 0.3125 0.59375 0.109375 0.115625
-1 0.98046875 0.60234375 0.0390625 0.0953125
0 0.47578125 0.60390625 0.1015625 0.1109375
4 0.8890625 0.61484375 0.06875 0.0828125
4 0.4140625 0.646875 0.05625 0.1
0 0.646875 0.66953125 0.115625 0.1171875
0 0.3828125 0.6734375 0.109375 0.09375
0 0.51015625 0.69765625 0.1015625 0.1265625
0 0.06484375 0.7171875 0.1046875 0.134375
0 0.8609375 0.725 0.10625 0.134375
0 0.2578125 0.73046875 0.05625 0.1234375
-1 0.41640625 0.7484375 0.0796875 0.065625
3 0.1671875 0.7671875 0.125 0.225
0 0.31953125 0.775 0.1046875 0.134375
0 0.90703125 0.0796875 0.1359375 0.134375
0 0.634375 0.80546875 0.096875 0.1515625
0 0.9453125 0.8296875 0.09375 0.134375
0 0.0359375 0.840625 0.071875 0.146875
0 0.74375 0.8765625 0.1 0.14375
4 0.4359375 0.92421875 0.075 0.0546875
0 0.6765625 0.92421875 0.09375 0.1515625
0 0.971875 0.9359375 0.05625 0.128125
0 0.11953125 0.9390625 0.1328125 0.121875
0 0.80546875 0.95390625 0.0984375 0.0921875
0 0.86875 0.9578125 0.078125 0.084375
0 0.4171875 0.959375 0.096875 0.08125
0 0.934375 0.965625 0.071875 0.06875
4 0.43125 0.09765625 0.0625 0.1015625
4 0.32421875 0.1015625 0.0546875 0.053125
0 0.71484375 0.11328125 0.1703125 0.2015625
