1 0.46640625 0.2421875 0.1015625 0.165625
1 0.68671875 0.2984375 0.1140625 0.1375
1 0.7015625 0.3125 0.1125 0.165625
1 0.19375 0.33125 0.121875 0.153125
1 0.825 0.35546875 0.08125 0.1109375
1 0.96875 0.35703125 0.0625 0.1546875
0 0.23046875 0.41171875 0.0859375 0.1234375
1 0.79140625 0.43359375 0.0890625 0.1140625
1 0.5203125 0.04453125 0.109375 0.0890625
1 0.6890625 0.453125 0.121875 0.140625
1 0.50625 0.52734375 0.11875 0.1703125
1 0.9328125 0.54140625 0.109375 0.1640625
1 0.4046875 0.55078125 0.090625 0.1734375
5 0.66015625 0.5984375 0.1015625 0.15
1 0.17890625 0.61328125 0.1265625 0.1484375
1 0.06953125 0.63515625 0.1046875 0.1515625
1 0.809375 0.67421875 0.096875 0.1328125
1 0.3765625 0.6875 0.109375 0.15625
1 0.47421875 0.71484375 0.1078125 0.1421875
1 0.25 0.7171875 0.090625 0.14375
1 0.4703125 0.7171875 0.103125 0.14375
1 0.6453125 0.75625 0.1 0.153125
1 0.55625 0.759375 0.06875 0.146875
1 0.0828125 0.7640625 0.071875 0.128125
1 0.87265625 0.77265625 0.0921875 0.1484375
1 0.17265625 0.7890625 0.1015625 0.146875
1 0.2984375 0.80703125 0.109375 0.1296875
1 0.77109375 0.8109375 0.0984375 0.159375
1 0.4 0.87109375 0.1125 0.1390625
1 0.56328125 0.88828125 0.1046875 0.1453125
1 0.69765625 0.90390625 0.1046875 0.1203125
1 0.30625 0.9203125 0.09375 0.1125
0 0.2453125 0.11015625 0.190625 0.1359375
