0 0.8953125 0.15 0.125 0.146875
0 0.75859375 0.19453125 0.1171875 0.1578125
0 0.62578125 0.31953125 0.1203125 0.2015625
0 0.7265625 0.3453125 0.09375 0.15
0 0.92421875 0.35390625 0.1203125 0.1890625
0 0.49375 0.43046875 0.134375 0.2078125
0 0.70859375 0.47890625 0.1046875 0.1234375
0 0.2953125 0.53984375 0.14375 0.1890625
0 0.6984375 0.59375 0.109375 0.125
0 0.81484375 0.60390625 0.1109375 0.1796875
0 0.1 0.6828125 0.11875 0.153125
0 0.4234375 0.703125 0.153125 0.121875
0 0.31484375 0.7734375 0.0890625 0.13125
0 0.69375 0.87265625 0.203125 0.2109375
0 0.28984375 0.9234375 0.1953125 0.140625
1 0.83203125 0.93125 0.1359375 0.1375
