3 0.55390625 0.453125 0.1609375 0.165625
0 0.38203125 0.4734375 0.1796875 0.153125
0 0.6421875 0.5828125 0.103125 0.165625
1 0.94375 0.60625 0.1125 0.175
1 0.2140625 0.61640625 0.134375 0.1484375
0 0.34296875 0.62578125 0.1421875 0.1296875
0 0.5015625 0.63125 0.178125 0.196875
1 0.815625 0.6390625 0.10625 0.13125
1 0.72265625 0.6625 0.0921875 0.140625
1 0.5578125 0.70546875 0.096875 0.1046875
1 0.23671875 0.7828125 0.1640625 0.121875
4 0.05859375 0.828125 0.1171875 0.1625
1 0.296875 0.86796875 0.125 0.1109375
4 0.53671875 0.90859375 0.2859375 0.1828125
4 0.76328125 0.9265625 0.1640625 0.146875
