1 0.546875 0.2640625 0.178125 0.171875
1 0.40234375 0.32578125 0.1390625 0.1546875
1 0.0609375 0.35390625 0.121875 0.1234375
1 0.26484375 0.38203125 0.1765625 0.1171875
1 0.2375 0.5125 0.1625 0.140625
1 0.728125 0.6171875 0.209375 0.1625
1 0.3546875 0.634375 0.14375 0.14375
1 0.2390625 0.76484375 0.128125 0.0828125
1 0.62421875 0.8109375 0.2234375 0.140625
1 0.91328125 0.834375 0.1203125 0.16875
1 0.3140625 0.84765625 0.0875 0.1203125
1 0.10625 0.91640625 0.184375 0.1328125
1 0.75078125 0.91875 0.1828125 0.1625
1 0.275 0.928125 0.1125 0.109375
1 0.59140625 0.93046875 0.1328125 0.1390625
