1 0.2921875 0.140625 0.103125 0.134375
1 0.85703125 0.20546875 0.1171875 0.1296875
1 0.528125 0.25546875 0.15625 0.1484375
0 0.67578125 0.2625 0.1296875 0.140625
1 0.25078125 0.29296875 0.1015625 0.1109375
1 0.3546875 0.29453125 0.10625 0.1609375
1 0.7515625 0.38125 0.109375 0.1375
0 0.653125 0.3890625 0.103125 0.11875
1 0.90078125 0.41953125 0.1046875 0.1453125
1 0.16953125 0.4359375 0.0671875 0.090625
1 0.30625 0.4375 0.075 0.0875
1 0.51015625 0.4375 0.1234375 0.109375
1 0.39765625 0.45234375 0.0984375 0.1234375
1 0.0609375 0.4546875 0.121875 0.1625
1 0.74765625 0.50859375 0.0859375 0.1578125
1 0.865625 0.51875 0.109375 0.171875
1 0.67109375 0.5453125 0.0828125 0.10625
1 0.30625 0.5609375 0.0875 0.14375
1 0.434375 0.575 0.103125 0.11875
1 0.69296875 0.63125 0.0796875 0.10625
1 0.2 0.6390625 0.13125 0.153125
1 0.54453125 0.6484375 0.1140625 0.1
1 0.07109375 0.65 0.1359375 0.121875
1 0.190625 0.06640625 0.14375 0.1328125
1 0.34375 0.71328125 0.121875 0.1359375
1 0.44453125 0.7203125 0.0828125 0.090625
0 0.190625 0.7984375 0.1125 0.1125
1 0.6984375 0.82578125 0.078125 0.1046875
1 0.89765625 0.8578125 0.0953125 0.121875
1 0.8140625 0.87734375 0.09375 0.1171875
1 0.3484375 0.88671875 0.109375 0.1171875
1 0.4421875 0.90234375 0.08125 0.1390625
1 0.5296875 0.91015625 0.1 0.1109375
