0 0.1859375 0.2484375 0.071875 0.1
1 0.7859375 0.271875 0.103125 0.10625
1 0.30390625 0.27578125 0.0734375 0.0921875
0 0.10390625 0.29609375 0.0671875 0.0921875
0 0.0421875 0.3265625 0.06875 0.11875
1 0.15859375 0.35703125 0.0765625 0.1046875
1 0.26875 0.384375 0.103125 0.121875
1 0.54140625 0.41875 0.0859375 0.0875
1 0.33046875 0.4953125 0.0671875 0.09375
1 0.53046875 0.521875 0.0984375 0.090625
1 0.4046875 0.52734375 0.09375 0.0953125
1 0.2640625 0.540625 0.078125 0.128125
1 0.60234375 0.5890625 0.0921875 0.125
1 0.95234375 0.59296875 0.0953125 0.1171875
0 0.5265625 0.6609375 0.10625 0.1125
1 0.721875 0.6671875 0.128125 0.140625
1 0.85625 0.6828125 0.121875 0.109375
0 0.28984375 0.6921875 0.1046875 0.10625
1 0.95703125 0.73203125 0.0828125 0.1453125
1 0.23359375 0.771875 0.0984375 0.096875
1 0.39765625 0.7734375 0.0953125 0.125
1 0.1515625 0.79140625 0.08125 0.1171875
1 0.48515625 0.83203125 0.1140625 0.1390625
1 0.66171875 0.86953125 0.0859375 0.1140625
2 0.53984375 0.09453125 0.0921875 0.1859375
1 0.7390625 0.9421875 0.1375 0.115625
1 0.625 0.94375 0.075 0.1125
2 0.45 0.10546875 0.084375 0.1421875
1 0.16484375 0.12734375 0.1078125 0.1234375
