3 0.07109375 0.18203125 0.1421875 0.3265625
3 0.4859375 0.30234375 0.15 0.1921875
0 0.6390625 0.3609375 0.171875 0.153125
3 0.37890625 0.3640625 0.0921875 0.146875
0 0.775 0.39765625 0.109375 0.1421875
0 0.646875 0.540625 0.1125 0.159375
3 0.35703125 0.54921875 0.1640625 0.2359375
0 0.759375 0.56484375 0.10625 0.1609375
0 0.57109375 0.79609375 0.1484375 0.2234375
1 0.4734375 0.08125 0.0875 0.15625
0 0.80390625 0.81015625 0.0984375 0.1359375
1 0.56484375 0.0953125 0.0953125 0.128125
1 0.62578125 0.12890625 0.0703125 0.0890625
