0 0.775 0.1859375 0.1 0.121875
0 0.4578125 0.2328125 0.14375 0.14375
0 0.59921875 0.24375 0.0890625 0.096875
0 0.221875 0.2640625 0.09375 0.1125
0 0.68828125 0.2796875 0.0859375 0.10625
0 0.3359375 0.28125 0.090625 0.125
0 0.784375 0.3234375 0.1 0.115625
0 0.4734375 0.33828125 0.1 0.1140625
0 0.571875 0.3609375 0.115625 0.146875
0 0.1296875 0.38515625 0.0875 0.0828125
0 0.65546875 0.38984375 0.0734375 0.1265625
0 0.90078125 0.40859375 0.1453125 0.1390625
0 0.39140625 0.4265625 0.0890625 0.125
0 0.71171875 0.4296875 0.0859375 0.115625
0 0.5765625 0.47734375 0.0875 0.1234375
0 0.47578125 0.51015625 0.0859375 0.1265625
0 0.1390625 0.5171875 0.084375 0.175
0 0.07109375 0.52890625 0.0515625 0.1609375
0 0.22734375 0.55703125 0.0953125 0.1546875
0 0.490625 0.63125 0.090625 0.11875
0 0.609375 0.640625 0.1125 0.146875
0 0.24140625 0.7234375 0.1015625 0.175
0 0.49296875 0.73515625 0.0953125 0.0859375
0 0.13203125 0.75078125 0.1015625 0.1765625
0 0.371875 0.8078125 0.09375 0.125
0 0.565625 0.84375 0.096875 0.19375
0 0.740625 0.896875 0.134375 0.2
