0 0.41484375 0.2328125 0.1078125 0.134375
0 0.50859375 0.2390625 0.1265625 0.125
0 0.2953125 0.26328125 0.1375 0.1734375
0 0.5203125 0.36328125 0.125 0.1515625
0 0.0578125 0.36640625 0.115625 0.1671875
2 0.72109375 0.37109375 0.2203125 0.2046875
0 0.234375 0.3921875 0.134375 0.109375
0 0.275 0.4765625 0.134375 0.109375
2 0.10859375 0.5515625 0.1453125 0.18125
2 0.24453125 0.61171875 0.1390625 0.2015625
2 0.06171875 0.0703125 0.1234375 0.115625
2 0.20625 0.8390625 0.14375 0.18125
2 0.60390625 0.903125 0.1609375 0.19375
1 0.09921875 0.93046875 0.0859375 0.1390625
2 0.18125 0.9515625 0.13125 0.096875
0 0.20625 0.1 0.084375 0.15
