3 0.521875 0.146875 0.234375 0.24375
3 0.2984375 0.190625 0.20625 0.178125
3 0.08203125 0.225 0.1640625 0.171875
1 0.69921875 0.3109375 0.0921875 0.1125
0 0.43046875 0.3609375 0.0984375 0.15
0 0.784375 0.390625 0.125 0.165625
3 0.240625 0.40234375 0.259375 0.1578125
0 0.67109375 0.415625 0.1078125 0.121875
0 0.5375 0.43515625 0.109375 0.1140625
0 0.8390625 0.50390625 0.103125 0.1390625
0 0.41953125 0.51171875 0.0828125 0.1140625
0 0.690625 0.521875 0.090625 0.121875
0 0.2859375 0.54453125 0.125 0.1390625
0 0.6234375 0.5875 0.09375 0.115625
0 0.69765625 0.68203125 0.1203125 0.1265625
0 0.5703125 0.71484375 0.15 0.1421875
0 0.80703125 0.71796875 0.1015625 0.1421875
