0 0.58984375 0.2015625 0.0828125 0.15
0 0.83515625 0.2203125 0.1203125 0.146875
0 0.67578125 0.23671875 0.0921875 0.1484375
0 0.490625 0.2578125 0.134375 0.1125
0 0.75390625 0.02578125 0.0734375 0.0515625
0 0.9546875 0.28203125 0.090625 0.1296875
0 0.6765625 0.03046875 0.084375 0.0609375
0 0.859375 0.35703125 0.10625 0.1296875
0 0.63203125 0.39296875 0.1171875 0.1578125
0 0.9375 0.4140625 0.090625 0.146875
0 0.85078125 0.49140625 0.0921875 0.1359375
0 0.7296875 0.50078125 0.109375 0.1515625
0 0.478125 0.51796875 0.15625 0.4046875
0 0.55234375 0.05390625 0.1171875 0.1078125
0 0.84375 0.06875 0.09375 0.1375
0 0.846875 0.90546875 0.109375 0.1390625
0 0.9671875 0.92734375 0.0625 0.1453125
0 0.1734375 0.9484375 0.11875 0.103125
0 0.4203125 0.10390625 0.103125 0.1703125
