1 0.97421875 0.15 0.0515625 0.1
1 0.8828125 0.153125 0.1 0.0875
1 0.43984375 0.15390625 0.0671875 0.0890625
1 0.16796875 0.16640625 0.0859375 0.0703125
1 0.30390625 0.1703125 0.0703125 0.103125
1 0.68203125 0.17890625 0.0515625 0.1046875
1 0.503125 0.18671875 0.05625 0.0703125
1 0.24140625 0.225 0.0765625 0.084375
1 0.63046875 0.22578125 0.0578125 0.1171875
1 0.75703125 0.228125 0.0796875 0.128125
1 0.9625 0.24453125 0.075 0.0859375
1 0.90546875 0.25625 0.0671875 0.1125
1 0.38984375 0.259375 0.0546875 0.1
1 0.31796875 0.2625 0.0703125 0.078125
1 0.5609375 0.26484375 0.06875 0.0921875
1 0.11796875 0.2953125 0.0953125 0.10625
1 0.81953125 0.296875 0.0703125 0.13125
1 0.2546875 0.2984375 0.0625 0.075
1 0.20859375 0.31640625 0.0703125 0.1046875
1 0.46484375 0.3203125 0.0734375 0.075
1 0.39140625 0.3296875 0.0640625 0.084375
1 0.90390625 0.33359375 0.0703125 0.0921875
1 0.13203125 0.03359375 0.0734375 0.0640625
1 0.03203125 0.03359375 0.0640625 0.0609375
1 0.50234375 0.3921875 0.0734375 0.071875
1 0.93203125 0.4140625 0.0703125 0.0875
1 0.40859375 0.428125 0.0859375 0.09375
1 0.3296875 0.43125 0.059375 0.109375
1 0.11171875 0.4359375 0.0640625 0.115625
1 0.803125 0.47578125 0.059375 0.0734375
1 0.49765625 0.47734375 0.0859375 0.0984375
1 0.2671875 0.0484375 0.0875 0.09375
1 0.96328125 0.50078125 0.0734375 0.0921875
1 0.3375 0.5046875 0.059375 0.0875
1 0.40703125 0.5203125 0.0671875 0.0875
1 0.4359375 0.053125 0.075 0.09375
1 0.88359375 0.53359375 0.0609375 0.0796875
1 0.27265625 0.53984375 0.0546875 0.1046875
1 0.175 0.56875 0.065625 0.10625
1 0.56015625 0.6 0.0640625 0.0875
1 0.121875 0.603125 0.096875 0.090625
1 0.04140625 0.60390625 0.0671875 0.1015625
1 0.95703125 0.61171875 0.0796875 0.0796875
1 0.7515625 0.61328125 0.05 0.1140625
1 0.83828125 0.65 0.0765625 0.121875
1 0.49375 0.065625 0.071875 0.13125
1 0.6546875 0.6703125 0.053125 0.10625
1 0.71171875 0.6859375 0.0609375 0.084375
1 0.2484375 0.68828125 0.06875 0.1109375
1 0.059375 0.6921875 0.071875 0.096875
1 0.38359375 0.71328125 0.0734375 0.0703125
1 0.14609375 0.7375 0.0671875 0.084375
1 0.44140625 0.740625 0.0953125 0.075
1 0.5984375 0.7421875 0.065625 0.09375
1 0.084375 0.76171875 0.096875 0.0921875
1 0.840625 0.771875 0.0625 0.0875
1 0.46328125 0.8046875 0.0546875 0.090625
1 0.35078125 0.80625 0.0578125 0.103125
1 0.53125 0.80703125 0.071875 0.1015625
1 0.93828125 0.80703125 0.0859375 0.1203125
1 0.153125 0.81953125 0.05625 0.0796875
1 0.26796875 0.82265625 0.0890625 0.1171875
1 0.05234375 0.83984375 0.0796875 0.0671875
1 0.55546875 0.0875 0.0703125 0.11875
1 0.5953125 0.87421875 0.059375 0.1515625
1 0.18203125 0.88203125 0.0734375 0.0796875
1 0.45625 0.89140625 0.078125 0.1140625
1 0.33828125 0.90078125 0.0484375 0.0921875
1 0.75625 0.90625 0.059375 0.109375
1 0.2734375 0.92109375 0.075 0.0921875
1 0.80859375 0.9296875 0.0609375 0.08125
1 0.1453125 0.95078125 0.05 0.0796875
1 0.075 0.9515625 0.065625 0.078125
1 0.39453125 0.9546875 0.0703125 0.090625
1 0.5609375 0.96015625 0.08125 0.0796875
1 0.065625 0.1265625 0.05 0.13125
