-1 0.63046875 0.1796875 0.0484375 0.065625
0 0.3515625 0.2390625 0.10625 0.159375
1 0.4359375 0.2515625 0.10625 0.15
0 0.26484375 0.2859375 0.1234375 0.19375
1 0.53359375 0.3140625 0.0984375 0.146875
0 0.78359375 0.35546875 0.0859375 0.1328125
4 0.30390625 0.4390625 0.1828125 0.153125
3 0.6953125 0.4453125 0.165625 0.115625
4 0.43359375 0.4640625 0.1046875 0.190625
1 0.8234375 0.46640625 0.0875 0.1546875
0 0.6265625 0.47421875 0.096875 0.1546875
0 0.56484375 0.5078125 0.0953125 0.1625
0 0.7453125 0.56875 0.103125 0.146875
0 0.3171875 0.6265625 0.146875 0.2
1 0.81328125 0.62890625 0.1671875 0.2296875
0 0.3375 0.0796875 0.159375 0.159375
3 0.70625 0.909375 0.1875 0.178125
