0 0.6125 0.18515625 0.128125 0.1921875
1 0.925 0.19453125 0.15 0.1953125
1 0.175 0.2203125 0.1375 0.159375
0 0.4703125 0.22421875 0.1625 0.1921875
0 0.31328125 0.23046875 0.1421875 0.1546875
1 0.77265625 0.23671875 0.1078125 0.1203125
1 0.6984375 0.25546875 0.090625 0.1390625
1 0.53046875 0.30078125 0.1171875 0.1078125
1 0.2671875 0.471875 0.11875 0.121875
4 0.3671875 0.53046875 0.03125 0.0359375
1 0.1296875 0.63984375 0.15625 0.1078125
0 0.52734375 0.06640625 0.1546875 0.1328125
1 0.36875 0.72421875 0.1125 0.1078125
1 0.15 0.74453125 0.1125 0.0984375
1 0.26328125 0.7453125 0.1328125 0.165625
0 0.34921875 0.0828125 0.1859375 0.15625
1 0.196875 0.84921875 0.096875 0.1078125
0 0.0375 0.89296875 0.075 0.1296875
