1 0.49140625 0.16171875 0.1046875 0.1703125
1 0.59765625 0.16953125 0.1390625 0.1703125
1 0.4109375 0.240625 0.121875 0.18125
1 0.49140625 0.34375 0.0953125 0.103125
1 0.45 0.47421875 0.109375 0.1421875
1 0.22109375 0.478125 0.1078125 0.184375
1 0.33828125 0.4828125 0.1109375 0.1625
1 0.91953125 0.75234375 0.1109375 0.1515625
1 0.97578125 0.784375 0.0484375 0.15625
0 0.6265625 0.79921875 0.10625 0.1359375
1 0.878125 0.8734375 0.10625 0.140625
0 0.56640625 0.8890625 0.1171875 0.165625
1 0.94765625 0.92734375 0.1015625 0.1453125
1 0.84765625 0.965625 0.1203125 0.06875
