0 0.63984375 0.146875 0.1203125 0.140625
0 0.36796875 0.16015625 0.1171875 0.1296875
0 0.76640625 0.19921875 0.1171875 0.1890625
0 0.24140625 0.2078125 0.1109375 0.14375
0 0.428125 0.2109375 0.1 0.115625
0 0.13515625 0.275 0.1015625 0.165625
0 0.57578125 0.3171875 0.1734375 0.146875
0 0.30625 0.328125 0.128125 0.146875
0 0.78125 0.353125 0.128125 0.11875
0 0.1796875 0.44140625 0.121875 0.1796875
0 0.6 0.446875 0.153125 0.14375
0 0.053125 0.46796875 0.1 0.1578125
0 0.7875 0.0484375 0.090625 0.096875
0 0.42109375 0.48515625 0.1140625 0.1234375
0 0.6984375 0.49921875 0.08125 0.1734375
0 0.65546875 0.05390625 0.1609375 0.1046875
0 0.35 0.05625 0.109375 0.1125
0 0.84140625 0.57734375 0.1078125 0.1453125
0 0.23515625 0.58515625 0.1109375 0.1046875
0 0.0359375 0.5875 0.071875 0.165625
0 0.34296875 0.63046875 0.0859375 0.1703125
0 0.77265625 0.6421875 0.0921875 0.19375
0 0.678125 0.69765625 0.090625 0.1421875
0 0.475 0.7015625 0.1125 0.221875
0 0.59140625 0.71640625 0.1109375 0.1265625
0 0.46171875 0.071875 0.0921875 0.14375
0 0.24140625 0.071875 0.0984375 0.134375
0 0.0484375 0.76015625 0.096875 0.1953125
0 0.690625 0.78359375 0.153125 0.1703125
0 0.7921875 0.80625 0.125 0.115625
0 0.365625 0.8078125 0.109375 0.115625
0 0.228125 0.83125 0.115625 0.10625
0 0.93671875 0.88984375 0.1234375 0.1859375
0 0.07734375 0.9046875 0.1546875 0.1125
0 0.5140625 0.92265625 0.096875 0.1453125
0 0.428125 0.92890625 0.090625 0.1359375
0 0.66171875 0.934375 0.1421875 0.128125
0 0.8265625 0.93515625 0.109375 0.1265625
