1 0.7265625 0.146875 0.1 0.15625
1 0.82890625 0.1875 0.1265625 0.1
1 0.42265625 0.19140625 0.1140625 0.1703125
1 0.26640625 0.2015625 0.1078125 0.175
1 0.94921875 0.21171875 0.1015625 0.2140625
1 0.60390625 0.215625 0.1390625 0.134375
1 0.13671875 0.2484375 0.0921875 0.21875
1 0.71875 0.271875 0.16875 0.1125
1 0.55390625 0.29296875 0.1171875 0.1390625
1 0.36875 0.33125 0.109375 0.128125
1 0.2203125 0.35078125 0.125 0.1234375
1 0.659375 0.3671875 0.125 0.15625
1 0.78046875 0.38671875 0.1015625 0.2140625
1 0.89921875 0.39375 0.0984375 0.153125
1 0.54765625 0.41015625 0.1203125 0.1546875
1 0.4359375 0.4375 0.11875 0.09375
1 0.978125 0.45234375 0.04375 0.1640625
1 0.25625 0.4515625 0.1125 0.10625
1 0.1484375 0.48828125 0.09375 0.2015625
1 0.71875 0.49296875 0.071875 0.1265625
1 0.05546875 0.50078125 0.1109375 0.1546875
1 0.48203125 0.5015625 0.0953125 0.1125
1 0.37734375 0.52578125 0.0921875 0.1359375
1 0.934375 0.54296875 0.0875 0.1265625
1 0.75703125 0.5453125 0.0734375 0.146875
1 0.5578125 0.55078125 0.090625 0.1515625
1 0.3296875 0.57578125 0.109375 0.1578125
1 0.21796875 0.578125 0.1140625 0.171875
1 0.6546875 0.59921875 0.078125 0.1265625
1 0.9703125 0.634375 0.05 0.14375
1 0.9546875 0.0640625 0.090625 0.0875
1 0.8265625 0.06484375 0.109375 0.1296875
1 0.9078125 0.6390625 0.1 0.0875
1 0.053125 0.6453125 0.10625 0.159375
1 0.8296875 0.66953125 0.084375 0.1203125
1 0.7234375 0.678125 0.078125 0.1125
1 0.61640625 0.69609375 0.1109375 0.1328125
1 0.209375 0.70234375 0.11875 0.1921875
1 0.9640625 0.71328125 0.071875 0.1109375
1 0.56953125 0.77109375 0.1265625 0.1390625
1 0.7640625 0.78515625 0.121875 0.1515625
1 0.1625 0.7875 0.096875 0.18125
1 0.4796875 0.790625 0.1 0.1
1 0.0390625 0.7984375 0.078125 0.15
1 0.55859375 0.08125 0.1078125 0.1625
1 0.390625 0.81015625 0.109375 0.1265625
1 0.87265625 0.834375 0.0859375 0.1875
1 0.6578125 0.865625 0.103125 0.121875
1 0.6015625 0.91328125 0.065625 0.1203125
1 0.43671875 0.9140625 0.0890625 0.115625
1 0.5140625 0.9265625 0.096875 0.146875
1 0.03984375 0.94296875 0.0796875 0.1140625
1 0.703125 0.965625 0.2125 0.06875
1 0.6546875 0.10859375 0.078125 0.1859375
