0 0.4859375 0.19765625 0.128125 0.1390625
0 0.625 0.1984375 0.159375 0.18125
0 0.0484375 0.2265625 0.096875 0.190625
0 0.859375 0.23046875 0.159375 0.1921875
0 0.425 0.2953125 0.1125 0.13125
0 0.6859375 0.36484375 0.0875 0.0921875
0 0.3078125 0.41796875 0.0875 0.1140625
0 0.0625 0.44609375 0.11875 0.1796875
0 0.87421875 0.509375 0.1421875 0.19375
0 0.3890625 0.58828125 0.121875 0.0953125
0 0.09375 0.6203125 0.0625 0.1
0 0.1875 0.64609375 0.140625 0.1703125
0 0.57890625 0.665625 0.1171875 0.134375
0 0.47265625 0.74296875 0.0984375 0.1078125
0 0.2875 0.75859375 0.10625 0.1796875
0 0.1328125 0.80703125 0.1125 0.1546875
0 0.3109375 0.91484375 0.11875 0.1296875
0 0.19921875 0.93515625 0.1015625 0.1296875
