2 0.4875 0.15859375 0.175 0.0984375
1 0.0828125 0.1765625 0.121875 0.146875
2 0.61484375 0.2046875 0.1390625 0.10625
1 0.25703125 0.26484375 0.1453125 0.1796875
2 0.11875 0.296875 0.146875 0.165625
2 0.5015625 0.375 0.14375 0.134375
2 0.175 0.4859375 0.11875 0.1375
2 0.465625 0.05859375 0.190625 0.1171875
2 0.684375 0.05859375 0.190625 0.1171875
0 0.2890625 0.59609375 0.11875 0.2296875
2 0.6703125 0.75546875 0.165625 0.1765625
2 0.503125 0.7671875 0.159375 0.1625
2 0.784375 0.91328125 0.159375 0.1734375
2 0.39453125 0.92421875 0.1453125 0.1359375
2 0.590625 0.925 0.159375 0.14375
