0 0.64296875 0.30390625 0.1171875 0.1421875
0 0.746875 0.36875 0.090625 0.1
0 0.446875 0.42109375 0.096875 0.1328125
0 0.7640625 0.4578125 0.08125 0.084375
0 0.55390625 0.47890625 0.0859375 0.1171875
0 0.69765625 0.48828125 0.1265625 0.1421875
0 0.33125 0.49765625 0.128125 0.1640625
0 0.90703125 0.5390625 0.1453125 0.215625
0 0.46015625 0.55546875 0.1046875 0.1390625
0 0.61328125 0.5671875 0.1078125 0.115625
0 0.73984375 0.61171875 0.1171875 0.1328125
0 0.5203125 0.7125 0.090625 0.13125
0 0.6796875 0.73125 0.096875 0.128125
0 0.67265625 0.85390625 0.1328125 0.1359375
0 0.88671875 0.88828125 0.1265625 0.1828125
