1 0.903125 0.1515625 0.084375 0.140625
0 0.51640625 0.2203125 0.1390625 0.140625
1 0.96796875 0.27578125 0.0640625 0.1546875
3 0.36796875 0.30078125 0.1203125 0.1890625
1 0.753125 0.31015625 0.109375 0.1703125
0 0.6203125 0.3140625 0.121875 0.153125
1 0.1875 0.396875 0.084375 0.125
3 0.46171875 0.40859375 0.1328125 0.2765625
0 0.88203125 0.42890625 0.1015625 0.1765625
0 0.9671875 0.44375 0.0625 0.140625
1 0.26640625 0.44921875 0.0953125 0.1015625
0 0.70234375 0.490625 0.1203125 0.121875
0 0.5859375 0.55859375 0.13125 0.1203125
1 0.26796875 0.5765625 0.1171875 0.1125
0 0.384375 0.6546875 0.08125 0.153125
0 0.9015625 0.6578125 0.125 0.13125
0 0.296875 0.66015625 0.078125 0.1140625
0 0.790625 0.6828125 0.0875 0.11875
0 0.5640625 0.06875 0.13125 0.1375
0 0.4875 0.7671875 0.125 0.14375
0 0.76015625 0.7859375 0.0890625 0.121875
0 0.85703125 0.79296875 0.0984375 0.1046875
0 0.075 0.80859375 0.15 0.1421875
0 0.39609375 0.86484375 0.0984375 0.1296875
0 0.52265625 0.915625 0.1359375 0.1625
0 0.2734375 0.92890625 0.15 0.1234375
1 0.91796875 0.934375 0.0921875 0.13125
