3 0.1609375 0.1453125 0.1625 0.265625
6 0.40546875 0.30859375 0.2765625 0.1734375
0 0.88671875 0.04140625 0.1140625 0.0828125
0 0.64140625 0.41875 0.1328125 0.125
0 0.5328125 0.4515625 0.090625 0.1375
3 0.1 0.45390625 0.140625 0.1640625
3 0.4140625 0.46015625 0.153125 0.1328125
3 0.2828125 0.51796875 0.11875 0.2484375
0 0.6546875 0.58046875 0.128125 0.1921875
3 0.165625 0.590625 0.1125 0.21875
0 0.85625 0.596875 0.2 0.221875
0 0.30625 0.7359375 0.0875 0.159375
3 0.49453125 0.7640625 0.2015625 0.196875
0 0.178125 0.771875 0.153125 0.140625
0 0.690625 0.7796875 0.1375 0.203125
0 0.803125 0.83984375 0.09375 0.1609375
0 0.6390625 0.8828125 0.071875 0.121875
0 0.35546875 0.88515625 0.1453125 0.1640625
0 0.91796875 0.92265625 0.1640625 0.1546875
