0 0.17578125 0.14296875 0.0703125 0.1015625
0 0.071875 0.16015625 0.0625 0.0890625
1 0.684375 0.1734375 0.1 0.121875
0 0.9546875 0.19375 0.090625 0.178125
0 0.26171875 0.20546875 0.0703125 0.1015625
0 0.91953125 0.225 0.0890625 0.14375
0 0.35078125 0.22578125 0.0671875 0.0890625
0 0.228125 0.253125 0.084375 0.125
0 0.16015625 0.25390625 0.0921875 0.1296875
0 0.83828125 0.28203125 0.0921875 0.0890625
0 0.40703125 0.30703125 0.0703125 0.1015625
0 0.67109375 0.325 0.0921875 0.090625
0 0.93671875 0.334375 0.0921875 0.090625
0 0.54921875 0.33984375 0.0703125 0.1015625
0 0.7765625 0.36328125 0.11875 0.1265625
0 0.196875 0.37734375 0.0625 0.1234375
0 0.25546875 0.38046875 0.0484375 0.1109375
0 0.91015625 0.4265625 0.1015625 0.109375
0 0.7140625 0.4265625 0.1 0.1
0 0.38125 0.43125 0.1 0.14375
0 0.5125 0.45078125 0.078125 0.0890625
0 0.45390625 0.04609375 0.1171875 0.0859375
0 0.31171875 0.45546875 0.0703125 0.1015625
0 0.68203125 0.52734375 0.0890625 0.1078125
0 0.83671875 0.53359375 0.0859375 0.1515625
0 0.56953125 0.5359375 0.0765625 0.1375
0 0.125 0.5546875 0.096875 0.146875
0 0.51796875 0.565625 0.0890625 0.1375
0 0.03125 0.578125 0.059375 0.134375
1 0.678125 0.059375 0.13125 0.11875
0 0.68984375 0.63515625 0.0890625 0.1078125
0 0.61328125 0.65703125 0.0734375 0.1390625
0 0.78359375 0.66328125 0.0734375 0.1390625
1 0.42109375 0.70703125 0.0828125 0.1703125
0 0.4890625 0.72578125 0.071875 0.1578125
0 0.05078125 0.7265625 0.0890625 0.11875
0 0.721875 0.7671875 0.096875 0.128125
0 0.659375 0.78046875 0.08125 0.1265625
0 0.559375 0.80625 0.0875 0.13125
0 0.275 0.83359375 0.0875 0.1078125
0 0.1890625 0.8375 0.078125 0.103125
0 0.70859375 0.85 0.0921875 0.10625
0 0.36171875 0.86328125 0.0828125 0.1109375
0 0.97265625 0.89296875 0.0546875 0.1421875
0 0.078125 0.91953125 0.075 0.1234375
0 0.7984375 0.09453125 0.1 0.1609375
0 0.5640625 0.940625 0.1375 0.11875
0 0.15078125 0.95234375 0.0828125 0.0953125
0 0.96640625 0.09921875 0.0671875 0.1421875
0 0.23671875 0.10390625 0.0703125 0.1015625
