0 0.03828125 0.140625 0.0765625 0.125
0 0.7890625 0.18515625 0.06875 0.1578125
0 0.95078125 0.18671875 0.0765625 0.1296875
0 0.8421875 0.20078125 0.05625 0.1421875
0 0.08125 0.2171875 0.096875 0.13125
0 0.18515625 0.24296875 0.0984375 0.1203125
0 0.30625 0.2734375 0.0875 0.1375
0 0.86328125 0.27734375 0.0921875 0.1140625
0 0.36484375 0.2828125 0.0828125 0.121875
0 0.54453125 0.02890625 0.1484375 0.0578125
0 0.196875 0.31953125 0.10625 0.0890625
0 0.7046875 0.0328125 0.115625 0.065625
0 0.88515625 0.38359375 0.1046875 0.0671875
0 0.06953125 0.0390625 0.1390625 0.078125
0 0.7390625 0.396875 0.115625 0.115625
0 0.884375 0.4375 0.103125 0.05625
0 0.55390625 0.440625 0.0859375 0.11875
0 0.97265625 0.44609375 0.0546875 0.1234375
0 0.30546875 0.5078125 0.0953125 0.115625
0 0.6109375 0.51015625 0.096875 0.1078125
0 0.165625 0.5140625 0.0875 0.09375
0 0.42109375 0.52265625 0.0828125 0.1203125
0 0.0453125 0.52421875 0.090625 0.1546875
0 0.85234375 0.5328125 0.1109375 0.11875
0 0.51015625 0.53671875 0.0890625 0.1109375
0 0.41015625 0.05625 0.1078125 0.1125
0 0.2375 0.5796875 0.078125 0.090625
0 0.33671875 0.6078125 0.1140625 0.090625
0 0.63203125 0.6125 0.1109375 0.11875
0 0.1140625 0.6328125 0.071875 0.1125
0 0.51015625 0.6421875 0.1171875 0.115625
0 0.17890625 0.64296875 0.0796875 0.1109375
0 0.03671875 0.6578125 0.0734375 0.109375
0 0.39296875 0.69140625 0.0984375 0.1171875
0 0.25546875 0.71875 0.0984375 0.1
0 0.14296875 0.728125 0.0921875 0.096875
0 0.06875 0.759375 0.09375 0.103125
0 0.33359375 0.7875 0.0984375 0.1
0 0.19765625 0.8359375 0.1078125 0.128125
0 0.07578125 0.85 0.1265625 0.109375
0 0.3 0.8984375 0.134375 0.15625
0 0.54609375 0.90859375 0.1484375 0.1328125
0 0.92265625 0.10859375 0.0703125 0.1546875
