0 0.640625 0.203125 0.165625 0.1125
0 0.3421875 0.22421875 0.103125 0.1515625
3 0.62734375 0.2984375 0.2609375 0.11875
0 0.2 0.3171875 0.103125 0.1875
0 0.08984375 0.35703125 0.1265625 0.2140625
0 0.63671875 0.42578125 0.1578125 0.1234375
0 0.28828125 0.50625 0.1265625 0.2125
0 0.65078125 0.55078125 0.1578125 0.1234375
9 0.13984375 0.57890625 0.1484375 0.2640625
0 0.7796875 0.6328125 0.115625 0.175
3 0.44765625 0.640625 0.1484375 0.309375
4 0.63984375 0.725 0.1890625 0.26875
0 0.140625 0.0859375 0.159375 0.171875
0 0.0921875 0.87734375 0.175 0.1859375
0 0.47578125 0.89296875 0.1234375 0.2046875
3 0.76015625 0.0921875 0.2921875 0.140625
0 0.7484375 0.91171875 0.115625 0.1734375
0 0.6078125 0.91875 0.128125 0.159375
