0 0.42890625 0.14765625 0.1046875 0.2640625
0 0.30546875 0.15 0.1390625 0.26875
0 0.14140625 0.2328125 0.1578125 0.134375
0 0.62578125 0.26484375 0.0921875 0.1109375
0 0.6140625 0.384375 0.125 0.140625
0 0.090625 0.40234375 0.115625 0.1171875
0 0.90078125 0.43515625 0.0890625 0.1671875
0 0.4078125 0.43828125 0.078125 0.1296875
0 0.7828125 0.45 0.153125 0.10625
0 0.1765625 0.45703125 0.08125 0.1234375
0 0.3375 0.50234375 0.1125 0.1671875
0 0.66015625 0.5078125 0.0921875 0.115625
0 0.58671875 0.53984375 0.0796875 0.1296875
0 0.475 0.5515625 0.11875 0.125
0 0.06953125 0.56640625 0.1046875 0.1265625
0 0.7578125 0.58828125 0.090625 0.1640625
0 0.5609375 0.66953125 0.125 0.1515625
0 0.66484375 0.68203125 0.1109375 0.1578125
0 0.5828125 0.7921875 0.115625 0.125
0 0.49453125 0.90859375 0.1484375 0.1828125
0 0.6265625 0.934375 0.10625 0.13125
0 0.384375 0.94140625 0.096875 0.1140625
0 0.57109375 0.1015625 0.1390625 0.146875
