2 0.35703125 0.15625 0.1515625 0.21875
2 0.5046875 0.18359375 0.165625 0.1640625
1 0.06171875 0.25703125 0.1234375 0.1671875
0 0.5453125 0.34453125 0.2 0.1546875
2 0.0296875 0.35703125 0.059375 0.1421875
2 0.9359375 0.49375 0.125 0.178125
1 0.17421875 0.49765625 0.1484375 0.1890625
2 0.67421875 0.596875 0.1953125 0.15
1 0.35078125 0.6203125 0.1796875 0.196875
-1 0.196875 0.6453125 0.1 0.05
2 0.8140625 0.7 0.15625 0.1625
1 0.159375 0.7953125 0.1625 0.153125
1 0.35390625 0.81484375 0.1421875 0.1171875
1 0.21484375 0.903125 0.2078125 0.153125
2 0.040625 0.93828125 0.08125 0.1234375
2 0.6 0.9453125 0.178125 0.109375
