0 0.30625 0.13671875 0.096875 0.1203125
0 0.41328125 0.23984375 0.1078125 0.0984375
0 0.29609375 0.25546875 0.1328125 0.1234375
0 0.7765625 0.3453125 0.0875 0.11875
0 0.19765625 0.3546875 0.0921875 0.121875
0 0.91015625 0.36953125 0.1046875 0.1484375
0 0.1390625 0.4453125 0.125 0.128125
0 0.7953125 0.478125 0.1125 0.159375
0 0.6203125 0.5078125 0.0875 0.11875
0 0.90625 0.51796875 0.10625 0.1484375
0 0.15546875 0.5703125 0.0921875 0.125
0 0.8078125 0.05859375 0.184375 0.1171875
0 0.60625 0.68203125 0.08125 0.1109375
0 0.45234375 0.696875 0.0859375 0.134375
0 0.3390625 0.71328125 0.071875 0.1390625
0 0.82421875 0.7328125 0.0796875 0.121875
0 0.93984375 0.74375 0.1203125 0.115625
0 0.50703125 0.7953125 0.0953125 0.1125
0 0.8046875 0.853125 0.0875 0.115625
0 0.4984375 0.91328125 0.10625 0.1078125
0 0.72265625 0.9296875 0.1203125 0.115625
0 0.2125 0.0953125 0.084375 0.165625
0 0.60546875 0.94375 0.0953125 0.109375
