4 0.28203125 0.13515625 0.1578125 0.1265625
2 0.9078125 0.18828125 0.125 0.1671875
4 0.39140625 0.33359375 0.1015625 0.1734375
2 0.53671875 0.33671875 0.0859375 0.1078125
2 0.24921875 0.41484375 0.1796875 0.2265625
1 0.50078125 0.42109375 0.1109375 0.0796875
4 0.89375 0.49453125 0.1375 0.1421875
2 0.4984375 0.559375 0.153125 0.134375
2 0.14765625 0.6484375 0.1640625 0.275
0 0.41328125 0.72265625 0.1078125 0.1578125
2 0.2921875 0.76640625 0.090625 0.2265625
2 0.8625 0.7671875 0.096875 0.11875
2 0.8078125 0.8390625 0.096875 0.11875
4 0.39296875 0.8734375 0.0609375 0.1625
4 0.45234375 0.8765625 0.1046875 0.128125
0 0.1359375 0.88046875 0.13125 0.1484375
4 0.62421875 0.9 0.1484375 0.153125
2 0.940625 0.9 0.08125 0.15625
4 0.49140625 0.92109375 0.0890625 0.1171875
4 0.3390625 0.9265625 0.109375 0.146875
4 0.75078125 0.94609375 0.2078125 0.1078125
