0 0.284375 0.13203125 0.184375 0.2484375
0 0.7234375 0.19765625 0.109375 0.1390625
0 0.08515625 0.2453125 0.1203125 0.13125
0 0.49609375 0.271875 0.0953125 0.115625
0 0.61171875 0.31875 0.1140625 0.1125
0 0.1515625 0.321875 0.125 0.153125
0 0.75625 0.3546875 0.146875 0.175
0 0.340625 0.3609375 0.1375 0.184375
0 0.2359375 0.37421875 0.084375 0.1640625
0 0.58046875 0.38203125 0.1328125 0.0859375
0 0.4390625 0.04765625 0.146875 0.0953125
0 0.79453125 0.5046875 0.0859375 0.121875
0 0.7375 0.55234375 0.08125 0.1265625
0 0.56484375 0.5640625 0.1203125 0.121875
0 0.3140625 0.6234375 0.140625 0.2875
0 0.5953125 0.634375 0.0875 0.109375
0 0.73515625 0.69453125 0.1390625 0.1359375
0 0.471875 0.715625 0.125 0.2
0 0.59140625 0.83984375 0.1484375 0.1421875
0 0.04375 0.0875 0.0875 0.146875
0 0.62578125 0.12734375 0.1390625 0.2015625
