1 0.47265625 0.1703125 0.1171875 0.13125
0 0.2984375 0.21015625 0.146875 0.1484375
1 0.825 0.23828125 0.115625 0.1171875
0 0.4390625 0.26171875 0.140625 0.1390625
1 0.0890625 0.296875 0.178125 0.109375
0 0.6796875 0.30859375 0.2 0.1578125
3 0.303125 0.3453125 0.153125 0.1375
0 0.446875 0.3859375 0.128125 0.165625
0 0.6375 0.48828125 0.1 0.1078125
0 0.31796875 0.5 0.1109375 0.125
5 0.540625 0.51796875 0.140625 0.1265625
0 0.16640625 0.5203125 0.0984375 0.134375
1 0.315625 0.62734375 0.109375 0.1046875
5 0.4734375 0.65390625 0.121875 0.1703125
1 0.23125 0.68125 0.09375 0.14375
1 0.89765625 0.6953125 0.1328125 0.19375
1 0.1671875 0.7125 0.075 0.14375
1 0.340625 0.72578125 0.121875 0.1015625
1 0.0921875 0.73125 0.09375 0.146875
1 0.06171875 0.9125 0.1078125 0.1375
