0 0.06875 0.184375 0.1375 0.14375
0 0.26640625 0.2125 0.1640625 0.190625
0 0.8375 0.2796875 0.1625 0.14375
0 0.13671875 0.34375 0.1078125 0.234375
0 0.6875 0.375 0.1375 0.134375
4 0.51640625 0.409375 0.1140625 0.13125
0 0.04140625 0.478125 0.0828125 0.315625
3 0.6984375 0.51953125 0.20625 0.1640625
0 0.9671875 0.52265625 0.065625 0.1546875
0 0.85 0.57265625 0.0875 0.1328125
0 0.44609375 0.62109375 0.1796875 0.1484375
0 0.175 0.62265625 0.09375 0.1421875
0 0.0578125 0.06796875 0.115625 0.1015625
0 0.0921875 0.69375 0.09375 0.0875
0 0.74296875 0.69765625 0.1484375 0.1578125
0 0.61015625 0.8625 0.1546875 0.2125
0 0.121875 0.88046875 0.09375 0.1453125
0 0.0484375 0.9484375 0.096875 0.1
0 0.93828125 0.95390625 0.1171875 0.0921875
0 0.5421875 0.10546875 0.353125 0.1765625
