0 0.35625 0.21484375 0.109375 0.1421875
0 0.52421875 0.2578125 0.1203125 0.178125
1 0.2390625 0.28125 0.103125 0.11875
0 0.37421875 0.384375 0.1484375 0.2125
1 0.21953125 0.40625 0.1109375 0.115625
0 0.51171875 0.42734375 0.1109375 0.1359375
0 0.59609375 0.43125 0.0703125 0.1625
3 0.75390625 0.4609375 0.1828125 0.221875
3 0.48046875 0.5734375 0.1671875 0.15
0 0.64140625 0.58515625 0.1671875 0.1265625
1 0.25234375 0.6078125 0.0953125 0.13125
0 0.22109375 0.0640625 0.1140625 0.125
1 0.509375 0.6859375 0.128125 0.121875
1 0.8609375 0.68671875 0.128125 0.1328125
0 0.64140625 0.7421875 0.1203125 0.15625
0 0.3 0.796875 0.1125 0.134375
0 0.4265625 0.83359375 0.10625 0.1265625
1 0.08515625 0.859375 0.1453125 0.15
0 0.31953125 0.10234375 0.0921875 0.1140625
