1 0.3046875 0.13984375 0.084375 0.1484375
1 0.371875 0.16015625 0.08125 0.1578125
3 0.04140625 0.1734375 0.0828125 0.190625
1 0.88125 0.259375 0.15 0.10625
0 0.6546875 0.26640625 0.071875 0.1203125
0 0.5875 0.271875 0.0625 0.11875
1 0.9578125 0.3609375 0.084375 0.13125
0 0.1140625 0.36171875 0.096875 0.0921875
1 0.27734375 0.0375 0.1265625 0.075
1 0.88828125 0.3875 0.0953125 0.1375
1 0.025 0.040625 0.05 0.08125
1 0.82265625 0.4390625 0.1078125 0.121875
3 0.35546875 0.48828125 0.1421875 0.1546875
1 0.0828125 0.05078125 0.084375 0.1015625
3 0.76484375 0.57578125 0.1265625 0.2078125
3 0.625 0.58046875 0.13125 0.3203125
3 0.17890625 0.5875 0.1296875 0.196875
3 0.5015625 0.5953125 0.1125 0.253125
1 0.51328125 0.0625 0.0859375 0.125
0 0.09609375 0.69140625 0.0734375 0.1109375
3 0.36171875 0.69921875 0.1953125 0.2296875
0 0.20234375 0.81484375 0.1171875 0.1265625
0 0.06796875 0.81796875 0.0953125 0.1390625
7 0.4984375 0.84375 0.115625 0.071875
1 0.52734375 0.853125 0.1984375 0.1625
1 0.671875 0.87734375 0.10625 0.1609375
1 0.228125 0.928125 0.13125 0.128125
3 0.86640625 0.09609375 0.1453125 0.1796875
0 0.45078125 0.12890625 0.0921875 0.1421875
