5 0.18515625 0.37890625 0.1390625 0.2171875
1 0.89609375 0.44296875 0.1359375 0.1359375
0 0.7453125 0.47890625 0.128125 0.1734375
2 0.6296875 0.50234375 0.13125 0.1578125
2 0.51484375 0.52265625 0.1171875 0.1328125
1 0.87109375 0.53515625 0.0890625 0.1078125
2 0.44609375 0.54140625 0.1296875 0.1953125
1 0.63046875 0.64375 0.1421875 0.146875
1 0.35078125 0.65625 0.0671875 0.1625
2 0.4859375 0.6703125 0.15 0.125
5 0.24921875 0.71640625 0.1390625 0.2171875
2 0.809375 0.7234375 0.153125 0.15625
2 0.39765625 0.80703125 0.1203125 0.1453125
2 0.51875 0.86328125 0.13125 0.1578125
1 0.64453125 0.9171875 0.1421875 0.146875
