0 0.16875 0.15859375 0.084375 0.1609375
0 0.478125 0.1734375 0.115625 0.13125
0 0.1359375 0.2921875 0.08125 0.19375
0 0.3140625 0.29609375 0.10625 0.1828125
0 0.20390625 0.3421875 0.0984375 0.175
0 0.63046875 0.37265625 0.1015625 0.1515625
0 0.09375 0.37265625 0.09375 0.1765625
0 0.39921875 0.37734375 0.1078125 0.1609375
0 0.840625 0.43203125 0.109375 0.1109375
0 0.32109375 0.51953125 0.1328125 0.1421875
3 0.54296875 0.5234375 0.2171875 0.1625
3 0.06015625 0.63203125 0.1015625 0.2328125
0 0.61328125 0.6375 0.1546875 0.103125
0 0.8015625 0.0703125 0.115625 0.121875
0 0.43984375 0.071875 0.0984375 0.14375
0 0.2265625 0.7234375 0.1125 0.159375
0 0.46484375 0.72578125 0.1203125 0.1234375
0 0.63671875 0.73046875 0.1265625 0.1328125
0 0.66484375 0.08203125 0.1296875 0.1421875
0 0.528125 0.81484375 0.109375 0.1640625
0 0.78828125 0.8234375 0.1609375 0.190625
3 0.3546875 0.8890625 0.103125 0.140625
0 0.25703125 0.103125 0.1078125 0.178125
