0 0.7046875 0.14140625 0.096875 0.1328125
0 0.3953125 0.146875 0.1125 0.15
0 0.140625 0.16953125 0.1375 0.1734375
0 0.63515625 0.21484375 0.0609375 0.1234375
0 0.49140625 0.21953125 0.0953125 0.1203125
0 0.83984375 0.234375 0.0953125 0.11875
0 0.2 0.028125 0.109375 0.05625
0 0.278125 0.275 0.140625 0.115625
0 0.78046875 0.303125 0.1015625 0.128125
0 0.55703125 0.31953125 0.0859375 0.1140625
0 0.41484375 0.325 0.0953125 0.11875
0 0.67109375 0.34453125 0.1046875 0.1265625
0 0.03203125 0.34921875 0.0640625 0.1328125
0 0.3171875 0.37421875 0.096875 0.1234375
0 0.16953125 0.38828125 0.0828125 0.1171875
0 0.3234375 0.03984375 0.10625 0.0796875
0 0.13203125 0.39375 0.1015625 0.165625
0 0.8546875 0.42734375 0.0875 0.1140625
0 0.44140625 0.434375 0.0953125 0.11875
0 0.68984375 0.44453125 0.1015625 0.1609375
0 0.5765625 0.45546875 0.109375 0.1578125
0 0.340625 0.48203125 0.0875 0.1296875
0 0.0328125 0.5046875 0.065625 0.1625
0 0.6515625 0.540625 0.084375 0.115625
0 0.1296875 0.54296875 0.096875 0.1671875
0 0.22890625 0.54609375 0.0953125 0.1296875
0 0.49296875 0.54765625 0.0859375 0.1328125
0 0.41015625 0.55 0.0859375 0.115625
0 0.075 0.553125 0.084375 0.153125
0 0.834375 0.57734375 0.115625 0.1796875
0 0.3140625 0.5828125 0.090625 0.1125
0 0.5125 0.6625 0.109375 0.084375
0 0.20546875 0.66640625 0.1046875 0.1359375
0 0.43515625 0.68984375 0.1171875 0.1390625
0 0.315625 0.715625 0.090625 0.128125
0 0.04921875 0.72421875 0.0984375 0.1390625
0 0.2453125 0.7265625 0.09375 0.125
0 0.61171875 0.7734375 0.1171875 0.13125
0 0.06015625 0.07890625 0.0890625 0.1328125
0 0.49765625 0.78671875 0.1015625 0.1328125
0 0.33359375 0.78984375 0.0953125 0.1390625
0 0.2265625 0.840625 0.1 0.1
0 0.4078125 0.85 0.08125 0.125
0 0.0546875 0.87890625 0.109375 0.1328125
0 0.21328125 0.8984375 0.1078125 0.115625
0 0.6734375 0.9328125 0.115625 0.13125
0 0.78828125 0.9328125 0.1171875 0.13125
0 0.5671875 0.934375 0.1 0.128125
0 0.590625 0.1 0.125 0.1125
