5 0.62265625 0.1546875 0.1171875 0.128125
0 0.821875 0.18671875 0.1125 0.1546875
5 0.65078125 0.3 0.0921875 0.1625
5 0.4546875 0.31796875 0.1125 0.2140625
0 0.33203125 0.34140625 0.1109375 0.1421875
5 0.5671875 0.40546875 0.06875 0.1265625
5 0.446875 0.5546875 0.078125 0.1375
0 0.58515625 0.5828125 0.1046875 0.096875
0 0.3640625 0.5828125 0.103125 0.16875
0 0.77421875 0.615625 0.1453125 0.20625
1 0.51015625 0.69453125 0.0796875 0.1078125
0 0.2828125 0.83046875 0.10625 0.1578125
0 0.4015625 0.85234375 0.0875 0.1140625
1 0.02890625 0.96796875 0.0578125 0.0640625
