0 0.8984375 0.1734375 0.125 0.121875
0 0.77421875 0.20078125 0.1265625 0.1265625
0 0.92890625 0.28828125 0.1234375 0.1109375
0 0.58203125 0.390625 0.1203125 0.125
0 0.86015625 0.4046875 0.0796875 0.134375
0 0.43671875 0.50234375 0.1671875 0.2671875
0 0.60625 0.50625 0.125 0.1125
0 0.8421875 0.55390625 0.103125 0.1515625
0 0.175 0.5953125 0.140625 0.18125
0 0.72109375 0.625 0.1296875 0.2125
0 0.57890625 0.659375 0.1796875 0.18125
0 0.071875 0.72265625 0.128125 0.2078125
0 0.2296875 0.7578125 0.1875 0.215625
0 0.075 0.9125 0.109375 0.14375
