2 0.16015625 0.16875 0.1453125 0.140625
1 0.2984375 0.22890625 0.1375 0.0859375
1 0.6796875 0.25859375 0.140625 0.1671875
1 0.55546875 0.3046875 0.0953125 0.146875
2 0.75625 0.3390625 0.1375 0.159375
1 0.47109375 0.34296875 0.0984375 0.1390625
1 0.340625 0.3734375 0.140625 0.11875
2 0.0953125 0.40234375 0.190625 0.1703125
2 0.50625 0.4375 0.171875 0.1
1 0.92734375 0.47578125 0.1453125 0.1953125
1 0.66171875 0.4984375 0.1421875 0.1
2 0.2734375 0.5265625 0.278125 0.228125
2 0.50859375 0.53359375 0.1765625 0.1015625
2 0.04140625 0.56015625 0.0828125 0.1140625
1 0.75546875 0.59375 0.1140625 0.0875
1 0.64609375 0.60546875 0.0890625 0.0859375
2 0.86328125 0.6390625 0.2015625 0.13125
1 0.0984375 0.6421875 0.10625 0.096875
2 0.6609375 0.696875 0.1375 0.11875
2 0.534375 0.7234375 0.15 0.14375
2 0.29140625 0.07734375 0.1296875 0.1140625
2 0.66953125 0.81875 0.1515625 0.128125
2 0.18515625 0.82890625 0.1828125 0.1171875
0 0.49296875 0.83515625 0.1984375 0.0890625
2 0.17421875 0.934375 0.1953125 0.096875
