0 0.12734375 0.15703125 0.1296875 0.1421875
0 0.35703125 0.16171875 0.1296875 0.1421875
0 0.68125 0.17578125 0.103125 0.1234375
0 0.4625 0.24765625 0.090625 0.0953125
0 0.065625 0.30625 0.1125 0.1625
0 0.52890625 0.3140625 0.1046875 0.0875
0 0.53359375 0.04140625 0.1203125 0.0796875
0 0.5765625 0.42109375 0.1125 0.1265625
0 0.79765625 0.51640625 0.1109375 0.1203125
4 0.08125 0.5359375 0.115625 0.146875
0 0.5 0.57109375 0.1125 0.1265625
0 0.678125 0.59609375 0.1125 0.1265625
4 0.27109375 0.6046875 0.1734375 0.21875
0 0.940625 0.60859375 0.1125 0.1265625
0 0.6765625 0.0671875 0.1125 0.109375
0 0.5 0.71328125 0.1125 0.1265625
4 0.88125 0.72265625 0.15625 0.1828125
0 0.325 0.79921875 0.1125 0.1265625
0 0.8609375 0.08515625 0.109375 0.1234375
0 0.9625 0.89296875 0.075 0.1140625
0 0.06796875 0.928125 0.1234375 0.128125
0 0.5046875 0.9515625 0.10625 0.096875
0 0.95703125 0.11875 0.0859375 0.19375
0 0.53671875 0.13046875 0.1078125 0.1296875
