0 0.6453125 0.275 0.05 0.065625
-1 0.56953125 0.27890625 0.0859375 0.0953125
-1 0.80546875 0.29609375 0.1015625 0.1109375
4 0.228125 0.3015625 0.071875 0.10625
4 0.29765625 0.31015625 0.0703125 0.1015625
4 0.1375 0.31796875 0.084375 0.1015625
-1 0.9234375 0.32578125 0.08125 0.0953125
4 0.38984375 0.328125 0.0609375 0.096875
0 0.61015625 0.3359375 0.0796875 0.11875
4 0.45703125 0.34296875 0.0671875 0.0734375
4 0.06875 0.3796875 0.065625 0.065625
4 0.4234375 0.38671875 0.053125 0.0484375
0 0.46171875 0.396875 0.0671875 0.0625
0 0.12109375 0.43359375 0.0703125 0.1203125
1 0.203125 0.446875 0.096875 0.1125
0 0.96640625 0.46875 0.0671875 0.178125
-1 0.9 0.4796875 0.071875 0.1375
1 0.23984375 0.5015625 0.0828125 0.1
1 0.35859375 0.52578125 0.0640625 0.1421875
1 0.30703125 0.53125 0.0765625 0.1375
9 0.503125 0.5453125 0.13125 0.159375
-1 0.61640625 0.5765625 0.0953125 0.090625
0 0.41328125 0.5953125 0.0921875 0.0625
4 0.35390625 0.6125 0.0765625 0.0625
1 0.58671875 0.66171875 0.1390625 0.1609375
4 0.38203125 0.7984375 0.0953125 0.06875
4 0.14765625 0.853125 0.0765625 0.13125
4 0.05390625 0.08671875 0.0859375 0.1015625
