0 0.8234375 0.1421875 0.128125 0.265625
0 0.93671875 0.2390625 0.1265625 0.2125
0 0.59296875 0.4421875 0.1671875 0.209375
3 0.83828125 0.5109375 0.2640625 0.2875
0 0.0578125 0.57890625 0.115625 0.2796875
0 0.6859375 0.58515625 0.078125 0.1203125
0 0.20859375 0.61171875 0.1671875 0.2328125
0 0.49765625 0.6234375 0.1359375 0.16875
0 0.61875 0.69140625 0.109375 0.1734375
0 0.74921875 0.696875 0.1171875 0.14375
0 0.85 0.728125 0.109375 0.15625
0 0.41640625 0.825 0.1640625 0.20625
0 0.6125 0.89296875 0.234375 0.2109375
0 0.803125 0.90078125 0.1375 0.1953125
