0 0.6890625 0.1765625 0.234375 0.309375
0 0.8734375 0.2875 0.128125 0.121875
0 0.36796875 0.31171875 0.2421875 0.2484375
0 0.80390625 0.4046875 0.1453125 0.125
0 0.51640625 0.49140625 0.1390625 0.1453125
0 0.6875 0.5359375 0.15 0.15
1 0.94140625 0.5765625 0.0796875 0.1
0 0.27578125 0.6546875 0.1046875 0.121875
1 0.86875 0.6578125 0.134375 0.18125
1 0.6703125 0.69921875 0.125 0.1421875
0 0.6109375 0.8 0.15 0.140625
0 0.15703125 0.80546875 0.1453125 0.1671875
1 0.728125 0.89609375 0.0625 0.0953125
1 0.91640625 0.90546875 0.0953125 0.1015625
0 0.275 0.9203125 0.125 0.11875
0 0.45703125 0.92890625 0.1703125 0.1421875
-1 0.3078125 0.12890625 0.10625 0.0921875
