1 0.03046875 0.16796875 0.0609375 0.0984375
6 0.4859375 0.2265625 0.19375 0.3
6 0.3421875 0.3046875 0.128125 0.375
0 0.0453125 0.32265625 0.084375 0.1828125
0 0.725 0.390625 0.1125 0.1625
6 0.21796875 0.4390625 0.1171875 0.2625
0 0.4484375 0.46015625 0.11875 0.1640625
0 0.134375 0.48984375 0.08125 0.2078125
0 0.76640625 0.5453125 0.1078125 0.109375
0 0.4265625 0.55078125 0.121875 0.1421875
0 0.57734375 0.58203125 0.1328125 0.1859375
0 0.20234375 0.59609375 0.1328125 0.1203125
0 0.88984375 0.6078125 0.0953125 0.125
0 0.70078125 0.6421875 0.1078125 0.125
0 0.35390625 0.70625 0.1234375 0.1625
0 0.8703125 0.796875 0.0875 0.134375
0 0.6359375 0.81875 0.134375 0.15
0 0.76015625 0.83984375 0.0953125 0.1546875
