1 0.55 0.165625 0.090625 0.075
1 0.45703125 0.1734375 0.0765625 0.1
1 0.24609375 0.23125 0.1265625 0.10625
1 0.0359375 0.02734375 0.071875 0.0546875
1 0.64453125 0.2796875 0.1265625 0.10625
1 0.946875 0.33984375 0.096875 0.0953125
1 0.86328125 0.3890625 0.0578125 0.0625
1 0.75625 0.38984375 0.090625 0.0796875
1 0.1078125 0.39296875 0.078125 0.1078125
1 0.03984375 0.41328125 0.0796875 0.1015625
1 0.9671875 0.42578125 0.0625 0.1078125
1 0.22578125 0.4265625 0.0734375 0.078125
1 0.66484375 0.44140625 0.0828125 0.0796875
1 0.859375 0.440625 0.06875 0.075
1 0.5375 0.45234375 0.096875 0.0703125
1 0.29765625 0.45625 0.0953125 0.084375
1 0.78203125 0.4578125 0.1015625 0.0625
1 0.44765625 0.0484375 0.1078125 0.090625
1 0.109375 0.4828125 0.078125 0.0875
1 0.3609375 0.4890625 0.071875 0.115625
1 0.02578125 0.49453125 0.0515625 0.0734375
1 0.50234375 0.49765625 0.0859375 0.0703125
1 0.7015625 0.50234375 0.059375 0.0828125
1 0.59453125 0.5078125 0.0671875 0.0625
1 0.23984375 0.51796875 0.0703125 0.0828125
1 0.746875 0.51953125 0.0625 0.0796875
1 0.8078125 0.525 0.06875 0.084375
1 0.52734375 0.5484375 0.0953125 0.078125
1 0.24296875 0.59375 0.0859375 0.071875
1 0.89453125 0.61640625 0.1265625 0.1046875
1 0.090625 0.6421875 0.078125 0.0875
1 0.49296875 0.6578125 0.1265625 0.10625
1 0.78671875 0.678125 0.1265625 0.10625
1 0.20390625 0.6828125 0.1265625 0.10625
1 0.090625 0.725 0.096875 0.096875
1 0.484375 0.11328125 0.08125 0.0609375
1 0.025 0.11640625 0.05 0.0859375
1 0.6234375 0.12109375 0.08125 0.0703125
