0 0.846875 0.19296875 0.13125 0.2015625
0 0.57890625 0.20078125 0.1234375 0.2203125
0 0.7234375 0.22578125 0.1125 0.1828125
1 0.20390625 0.2515625 0.1078125 0.1
0 0.4078125 0.3109375 0.146875 0.2
1 0.59921875 0.0328125 0.1265625 0.065625
1 0.24296875 0.35546875 0.1421875 0.2015625
0 0.8734375 0.3734375 0.10625 0.153125
0 0.17265625 0.45078125 0.1015625 0.1390625
0 0.51640625 0.50625 0.1640625 0.196875
0 0.34296875 0.5453125 0.1015625 0.140625
0 0.0953125 0.54921875 0.109375 0.1546875
0 0.57421875 0.665625 0.1453125 0.165625
1 0.703125 0.69296875 0.10625 0.2140625
0 0.41875 0.70546875 0.140625 0.1390625
1 0.41875 0.81953125 0.109375 0.1171875
0 0.590625 0.8375 0.171875 0.215625
1 0.71640625 0.91640625 0.1359375 0.1671875
0 0.59140625 0.96171875 0.1328125 0.0765625
0 0.95703125 0.11875 0.0859375 0.175
