1 0.63984375 0.13515625 0.1234375 0.1046875
1 0.93828125 0.203125 0.1234375 0.1
1 0.6515625 0.21015625 0.1125 0.0984375
1 0.340625 0.23359375 0.121875 0.0921875
1 0.14453125 0.27421875 0.1578125 0.1015625
1 0.403125 0.296875 0.115625 0.128125
1 0.69296875 0.0296875 0.1140625 0.059375
1 0.51875 0.29921875 0.115625 0.1296875
1 0.584375 0.3375 0.09375 0.11875
1 0.6640625 0.3453125 0.08125 0.13125
1 0.1515625 0.3515625 0.128125 0.09375
1 0.0421875 0.36953125 0.084375 0.0671875
1 0.8328125 0.39296875 0.203125 0.1015625
1 0.40859375 0.4203125 0.1109375 0.165625
1 0.08515625 0.42734375 0.1203125 0.0921875
1 0.546875 0.45078125 0.11875 0.1015625
1 0.31796875 0.46484375 0.1078125 0.0859375
1 0.2171875 0.4765625 0.115625 0.084375
1 0.46484375 0.05 0.0640625 0.1
1 0.61015625 0.5375 0.1703125 0.1125
1 0.853125 0.56953125 0.115625 0.1109375
1 0.05390625 0.58515625 0.1046875 0.1140625
1 0.4703125 0.58671875 0.13125 0.1046875
1 0.96640625 0.06328125 0.0671875 0.1265625
1 0.42109375 0.63515625 0.0765625 0.1015625
1 0.3515625 0.63984375 0.09375 0.1703125
1 0.5484375 0.65 0.1125 0.1
1 0.06484375 0.671875 0.1296875 0.084375
1 0.953125 0.67265625 0.09375 0.2015625
1 0.86328125 0.6890625 0.0953125 0.178125
1 0.7671875 0.709375 0.11875 0.14375
1 0.34375 0.765625 0.134375 0.096875
1 0.565625 0.77890625 0.1125 0.1296875
1 0.29609375 0.8625 0.1140625 0.14375
1 0.640625 0.86953125 0.109375 0.0953125
1 0.19609375 0.87578125 0.1078125 0.1703125
1 0.39296875 0.0921875 0.0984375 0.10625
1 0.4046875 0.9453125 0.1375 0.103125
1 0.94609375 0.95625 0.0984375 0.0875
1 0.60078125 0.10234375 0.0953125 0.1015625
