0 0.3046875 0.1671875 0.1375 0.109375
0 0.7546875 0.290625 0.11875 0.15625
0 0.5125 0.353125 0.1125 0.11875
0 0.87890625 0.3546875 0.1109375 0.15625
0 0.80703125 0.440625 0.0984375 0.11875
0 0.61015625 0.49140625 0.1015625 0.1359375
1 0.71953125 0.053125 0.1015625 0.10625
3 0.16796875 0.54296875 0.1171875 0.2328125
0 0.79609375 0.57421875 0.1953125 0.1859375
0 0.6703125 0.60703125 0.1125 0.1515625
0 0.28515625 0.06875 0.1015625 0.090625
3 0.8828125 0.76328125 0.2 0.1828125
0 0.403125 0.10546875 0.096875 0.1265625
0 0.596875 0.13046875 0.128125 0.1546875
