1 0.3546875 0.175 0.125 0.2
0 0.5015625 0.26640625 0.16875 0.2515625
0 0.278125 0.2703125 0.096875 0.175
0 0.184375 0.321875 0.1 0.159375
0 0.36484375 0.359375 0.0703125 0.140625
0 0.67109375 0.384375 0.1015625 0.1375
0 0.23671875 0.4359375 0.1203125 0.109375
0 0.13125 0.4671875 0.1125 0.128125
2 0.34296875 0.478125 0.0921875 0.159375
2 0.43203125 0.55859375 0.1484375 0.1703125
0 0.6515625 0.559375 0.16875 0.159375
0 0.23984375 0.57265625 0.1015625 0.1109375
2 0.08515625 0.625 0.1328125 0.190625
0 0.74375 0.66328125 0.109375 0.1890625
5 0.484375 0.69375 0.1125 0.15625
0 0.875 0.70625 0.153125 0.178125
0 0.64296875 0.73125 0.0796875 0.109375
0 0.28671875 0.74921875 0.1109375 0.1421875
1 0.55859375 0.76484375 0.0984375 0.1421875
0 0.83046875 0.821875 0.1171875 0.153125
1 0.496875 0.90546875 0.14375 0.1484375
0 0.72890625 0.9328125 0.0921875 0.134375
0 0.32890625 0.94921875 0.0921875 0.1015625
