1 0.553125 0.1328125 0.084375 0.1
1 0.3453125 0.17421875 0.11875 0.0828125
1 0.1453125 0.17578125 0.08125 0.1015625
1 0.22890625 0.19453125 0.0921875 0.0671875
1 0.70859375 0.22265625 0.0703125 0.0859375
1 0.9171875 0.25234375 0.075 0.0984375
1 0.35234375 0.25703125 0.0859375 0.1015625
1 0.6046875 0.2875 0.08125 0.09375
1 0.2484375 0.2875 0.109375 0.10625
1 0.4796875 0.30234375 0.096875 0.0890625
1 0.6828125 0.3671875 0.09375 0.0875
1 0.55625 0.04140625 0.096875 0.0828125
1 0.63984375 0.421875 0.0828125 0.084375
1 0.91484375 0.42578125 0.0859375 0.0859375
1 0.36015625 0.04375 0.0953125 0.075
1 0.82734375 0.4328125 0.0921875 0.09375
1 0.34375 0.453125 0.078125 0.0875
1 0.115625 0.465625 0.059375 0.09375
1 0.2859375 0.47890625 0.096875 0.0890625
1 0.4 0.48828125 0.078125 0.0859375
1 0.16796875 0.49609375 0.0515625 0.0859375
0 0.53671875 0.50625 0.1234375 0.18125
1 0.7765625 0.54296875 0.065625 0.0796875
1 0.9109375 0.54921875 0.071875 0.1015625
1 0.0921875 0.55625 0.090625 0.1125
1 0.31953125 0.5703125 0.0578125 0.06875
1 0.23984375 0.58828125 0.0671875 0.0890625
1 0.81953125 0.60390625 0.0890625 0.1046875
1 0.6296875 0.62109375 0.10625 0.0921875
1 0.27265625 0.65234375 0.0515625 0.0640625
1 0.36171875 0.65234375 0.0765625 0.0953125
1 0.06484375 0.6546875 0.0609375 0.08125
1 0.9578125 0.6640625 0.078125 0.109375
1 0.4484375 0.67578125 0.071875 0.1546875
1 0.715625 0.6875 0.078125 0.084375
1 0.653125 0.71796875 0.08125 0.1015625
1 0.5078125 0.725 0.075 0.10625
1 0.7859375 0.72890625 0.0875 0.0984375
1 0.5828125 0.7328125 0.05625 0.075
1 0.30546875 0.74765625 0.0703125 0.1140625
1 0.8890625 0.76328125 0.06875 0.1140625
1 0.1390625 0.78671875 0.0625 0.0890625
1 0.79921875 0.0796875 0.0890625 0.090625
1 0.07734375 0.8203125 0.0578125 0.0875
1 0.27265625 0.83828125 0.0859375 0.1046875
1 0.03359375 0.846875 0.0640625 0.125
1 0.4265625 0.87265625 0.075 0.1203125
1 0.81015625 0.87265625 0.0890625 0.0984375
1 0.95078125 0.9 0.0703125 0.065625
1 0.6546875 0.91640625 0.071875 0.0671875
1 0.0953125 0.921875 0.059375 0.084375
1 0.2546875 0.9375 0.08125 0.078125
1 0.1703125 0.96484375 0.08125 0.0703125
1 0.32109375 0.1046875 0.0671875 0.071875
1 0.39140625 0.1171875 0.0609375 0.078125
1 0.221875 0.11875 0.0625 0.06875
