0 0.66328125 0.16796875 0.1203125 0.1734375
0 0.8125 0.2421875 0.11875 0.134375
0 0.109375 0.26328125 0.153125 0.1578125
0 0.96171875 0.30234375 0.0765625 0.1578125
3 0.29140625 0.303125 0.1828125 0.253125
0 0.85078125 0.375 0.1359375 0.146875
-1 0.68203125 0.040625 0.0828125 0.065625
0 0.58203125 0.40546875 0.1328125 0.1234375
0 0.10234375 0.42578125 0.1171875 0.1421875
0 0.7421875 0.50390625 0.115625 0.1390625
0 0.39765625 0.50859375 0.1046875 0.1234375
0 0.971875 0.51953125 0.05625 0.0953125
0 0.209375 0.53984375 0.13125 0.1390625
0 0.49375 0.54609375 0.071875 0.1453125
0 0.5953125 0.5828125 0.128125 0.221875
0 0.93515625 0.621875 0.1296875 0.125
0 0.4078125 0.640625 0.090625 0.134375
0 0.2875 0.6796875 0.13125 0.134375
0 0.74609375 0.6828125 0.1109375 0.18125
0 0.55078125 0.74765625 0.0703125 0.1234375
0 0.88359375 0.7625 0.1796875 0.1125
0 0.46015625 0.78125 0.1171875 0.134375
0 0.1421875 0.8734375 0.115625 0.190625
0 0.3265625 0.8765625 0.13125 0.240625
0 0.56015625 0.953125 0.1421875 0.09375
0 0.18671875 0.096875 0.0953125 0.1375
