0 0.3390625 0.23515625 0.078125 0.1453125
0 0.871875 0.421875 0.084375 0.134375
0 0.62578125 0.43125 0.1234375 0.09375
0 0.4984375 0.446875 0.125 0.13125
0 0.79375 0.48984375 0.071875 0.1265625
0 0.68046875 0.52578125 0.1359375 0.1359375
0 0.35859375 0.54296875 0.1015625 0.1265625
0 0.97109375 0.56640625 0.0578125 0.1421875
0 0.075 0.5953125 0.15 0.128125
0 0.39765625 0.65 0.1140625 0.0875
0 0.68515625 0.671875 0.0765625 0.140625
0 0.58515625 0.678125 0.1046875 0.153125
0 0.20859375 0.7171875 0.1078125 0.175
0 0.96015625 0.73359375 0.0796875 0.1515625
0 0.753125 0.759375 0.10625 0.1125
0 0.86640625 0.7890625 0.1015625 0.146875
0 0.3375 0.80390625 0.115625 0.1828125
0 0.48046875 0.82421875 0.1546875 0.2078125
0 0.74765625 0.9046875 0.1109375 0.165625
