2 0.9609375 0.1921875 0.078125 0.134375
1 0.47109375 0.2015625 0.0765625 0.115625
2 0.61796875 0.20859375 0.1328125 0.1390625
1 0.3390625 0.24609375 0.10625 0.0640625
1 0.85625 0.2546875 0.10625 0.109375
1 0.07421875 0.2578125 0.0984375 0.1
0 0.2375 0.275 0.10625 0.115625
1 0.471875 0.2890625 0.14375 0.0625
1 0.9328125 0.328125 0.08125 0.078125
1 0.15625 0.3296875 0.096875 0.1
1 0.04375 0.3453125 0.0875 0.0875
1 0.77890625 0.39453125 0.1640625 0.1171875
1 0.88828125 0.396875 0.0921875 0.09375
1 0.578125 0.41328125 0.08125 0.0921875
1 0.921875 0.04453125 0.153125 0.0890625
1 0.34140625 0.44375 0.1703125 0.146875
1 0.45625 0.4515625 0.103125 0.10625
1 0.4921875 0.0453125 0.075 0.090625
1 0.67890625 0.46328125 0.0890625 0.0859375
1 0.05078125 0.4859375 0.0953125 0.1
1 0.59609375 0.50546875 0.1265625 0.0578125
1 0.22421875 0.54140625 0.1109375 0.1453125
1 0.475 0.54921875 0.121875 0.1171875
1 0.1546875 0.5578125 0.096875 0.078125
2 0.72265625 0.575 0.1234375 0.0875
1 0.64765625 0.61484375 0.0828125 0.0828125
1 0.8859375 0.640625 0.115625 0.159375
0 0.0734375 0.6546875 0.096875 0.109375
1 0.29375 0.67421875 0.121875 0.1171875
1 0.40703125 0.0703125 0.1296875 0.115625
0 0.41484375 0.728125 0.1171875 0.10625
1 0.725 0.73984375 0.16875 0.1546875
2 0.58828125 0.78125 0.1015625 0.10625
1 0.84296875 0.7890625 0.0921875 0.09375
1 0.51015625 0.79375 0.0828125 0.115625
1 0.57265625 0.08203125 0.1046875 0.0703125
1 0.296875 0.821875 0.10625 0.090625
2 0.0515625 0.825 0.096875 0.125
2 0.1453125 0.83515625 0.1 0.1484375
1 0.62890625 0.8734375 0.1046875 0.090625
1 0.35078125 0.9140625 0.1046875 0.090625
1 0.81953125 0.925 0.1109375 0.15
1 0.06953125 0.925 0.1203125 0.08125
0 0.475 0.93125 0.10625 0.090625
1 0.71953125 0.95390625 0.0890625 0.0921875
1 0.9234375 0.9609375 0.0875 0.078125
1 0.63125 0.96484375 0.140625 0.0703125
