3 0.5640625 0.1421875 0.334375 0.184375
0 0.3328125 0.14765625 0.13125 0.1703125
0 0.18515625 0.5015625 0.0734375 0.11875
0 0.0890625 0.51328125 0.125 0.0828125
0 0.27890625 0.52265625 0.1109375 0.1296875
0 0.1625 0.63671875 0.109375 0.1265625
0 0.33125 0.65390625 0.109375 0.1421875
0 0.22890625 0.70703125 0.1140625 0.1234375
0 0.603125 0.73984375 0.078125 0.1953125
0 0.49765625 0.759375 0.1296875 0.178125
0 0.803125 0.76015625 0.171875 0.1484375
0 0.06953125 0.8203125 0.1390625 0.1375
0 0.88359375 0.1203125 0.1078125 0.153125
