1 0.0421875 0.1453125 0.084375 0.090625
1 0.9640625 0.22890625 0.071875 0.1453125
1 0.1609375 0.02578125 0.125 0.0515625
1 0.4765625 0.0296875 0.125 0.059375
1 0.875 0.0296875 0.159375 0.059375
1 0.18125 0.290625 0.134375 0.140625
0 0.46484375 0.4796875 0.0828125 0.128125
0 0.69609375 0.5234375 0.1515625 0.15
0 0.57265625 0.60234375 0.1203125 0.1234375
0 0.43828125 0.628125 0.1515625 0.14375
1 0.60078125 0.8109375 0.1046875 0.1125
1 0.34375 0.8171875 0.121875 0.125
1 0.084375 0.82265625 0.140625 0.1171875
0 0.3296875 0.94140625 0.140625 0.1171875
1 0.22578125 0.1171875 0.0859375 0.140625
1 0.13671875 0.12890625 0.0765625 0.1421875
