1 0.41796875 0.15234375 0.1015625 0.1359375
5 0.33671875 0.16328125 0.0921875 0.1109375
1 0.9609375 0.18046875 0.078125 0.2484375
1 0.25 0.2046875 0.11875 0.171875
2 0.46015625 0.27734375 0.1203125 0.1328125
1 0.2703125 0.346875 0.140625 0.125
1 0.965625 0.3765625 0.06875 0.153125
1 0.52265625 0.38046875 0.1265625 0.1390625
1 0.04609375 0.40234375 0.0921875 0.1796875
2 0.8078125 0.4140625 0.165625 0.165625
2 0.65234375 0.4171875 0.1515625 0.165625
1 0.17265625 0.44921875 0.1328125 0.1703125
1 0.0828125 0.04609375 0.109375 0.0921875
1 0.47265625 0.503125 0.1015625 0.096875
1 0.47421875 0.51328125 0.1109375 0.1140625
1 0.3796875 0.5390625 0.09375 0.11875
5 0.3328125 0.0578125 0.1125 0.115625
1 0.2140625 0.575 0.065625 0.096875
2 0.73203125 0.58203125 0.1046875 0.1578125
2 0.31640625 0.60234375 0.1390625 0.1421875
2 0.03984375 0.63671875 0.0796875 0.1765625
2 0.87265625 0.65625 0.1671875 0.228125
2 0.575 0.66953125 0.15625 0.1640625
1 0.45234375 0.67265625 0.1171875 0.1453125
2 0.5375 0.06796875 0.184375 0.1359375
2 0.1953125 0.7640625 0.096875 0.159375
2 0.1 0.76875 0.078125 0.11875
1 0.59296875 0.78515625 0.0984375 0.0921875
1 0.6875 0.796875 0.128125 0.125
2 0.03671875 0.8234375 0.0734375 0.25
2 0.2921875 0.8296875 0.121875 0.15
2 0.48125 0.85078125 0.13125 0.1578125
1 0.8234375 0.8515625 0.140625 0.134375
1 0.95234375 0.85390625 0.0859375 0.1421875
1 0.578125 0.88984375 0.11875 0.1484375
2 0.39296875 0.89921875 0.1140625 0.1109375
2 0.465625 0.95390625 0.115625 0.0921875
2 0.76875 0.95625 0.18125 0.0875
