0 0.715625 0.13125 0.109375 0.13125
5 0.484375 0.2359375 0.115625 0.134375
0 0.2171875 0.2609375 0.165625 0.171875
0 0.35078125 0.26953125 0.1203125 0.1328125
3 0.80625 0.33125 0.1875 0.1375
0 0.32734375 0.3796875 0.1359375 0.10625
0 0.4515625 0.4171875 0.096875 0.06875
3 0.14375 0.44375 0.18125 0.19375
0 0.73828125 0.446875 0.1109375 0.10625
0 0.51796875 0.4609375 0.0890625 0.11875
0 0.6125 0.4859375 0.128125 0.11875
0 0.296875 0.49375 0.153125 0.134375
0 0.42578125 0.5234375 0.0984375 0.121875
0 0.525 0.5953125 0.121875 0.15
0 0.18828125 0.6640625 0.1578125 0.203125
3 0.39453125 0.72421875 0.1765625 0.2421875
0 0.67421875 0.0765625 0.0734375 0.15
0 0.609375 0.8421875 0.15625 0.23125
3 0.384375 0.10078125 0.2625 0.1671875
0 0.5953125 0.1171875 0.1 0.175
