2 0.51484375 0.23984375 0.1578125 0.2234375
2 0.45234375 0.3609375 0.1890625 0.159375
2 0.4921875 0.46015625 0.121875 0.1015625
1 0.83828125 0.5546875 0.1078125 0.2125
2 0.9390625 0.56484375 0.115625 0.1421875
1 0.59765625 0.578125 0.1015625 0.165625
1 0.41875 0.60859375 0.109375 0.1890625
2 0.75859375 0.63828125 0.0984375 0.1890625
2 0.1578125 0.6453125 0.134375 0.209375
1 0.67421875 0.6484375 0.0953125 0.2125
2 0.12578125 0.06640625 0.1421875 0.1328125
2 0.92890625 0.7046875 0.1390625 0.153125
2 0.84921875 0.7953125 0.0984375 0.1375
2 0.771875 0.86171875 0.103125 0.1453125
2 0.2390625 0.87578125 0.109375 0.1890625
2 0.0859375 0.87890625 0.109375 0.1890625
5 0.81328125 0.93515625 0.0984375 0.1265625
1 0.490625 0.9578125 0.153125 0.084375
2 0.728125 0.121875 0.134375 0.209375
