6 0.70078125 0.1921875 0.2296875 0.2
3 0.58984375 0.234375 0.2921875 0.15625
3 0.91796875 0.23671875 0.1640625 0.1765625
0 0.38203125 0.25078125 0.1140625 0.1515625
4 0.3328125 0.4390625 0.190625 0.146875
3 0.215625 0.5734375 0.10625 0.18125
3 0.1421875 0.59453125 0.1375 0.1359375
3 0.0875 0.6453125 0.15 0.21875
3 0.39609375 0.6546875 0.2234375 0.128125
4 0.87421875 0.703125 0.1109375 0.16875
3 0.046875 0.071875 0.09375 0.14375
3 0.20234375 0.73515625 0.1328125 0.1703125
3 0.3828125 0.771875 0.103125 0.140625
3 0.6546875 0.85390625 0.1 0.2015625
3 0.30078125 0.85390625 0.1265625 0.1734375
3 0.46328125 0.08671875 0.1609375 0.1734375
3 0.56875 0.8671875 0.11875 0.196875
3 0.875 0.8734375 0.14375 0.178125
3 0.7984375 0.884375 0.203125 0.20625
3 0.1015625 0.93125 0.16875 0.1375
3 0.74921875 0.93984375 0.1546875 0.1203125
