0 0.8640625 0.3328125 0.1 0.140625
0 0.78046875 0.33984375 0.0703125 0.1296875
0 0.71953125 0.3828125 0.0765625 0.084375
3 0.33359375 0.4171875 0.2140625 0.15625
0 0.80390625 0.43125 0.0765625 0.084375
0 0.1515625 0.43203125 0.153125 0.1421875
0 0.91796875 0.4421875 0.0765625 0.084375
0 0.70078125 0.475 0.0984375 0.11875
0 0.60546875 0.484375 0.0984375 0.1625
0 0.89296875 0.52890625 0.1171875 0.1046875
0 0.246875 0.55078125 0.1875 0.0921875
0 0.83515625 0.61640625 0.0859375 0.0921875
0 0.1984375 0.709375 0.090625 0.125
0 0.63984375 0.7359375 0.1390625 0.1125
3 0.36875 0.83828125 0.209375 0.1921875
0 0.21015625 0.8875 0.1078125 0.159375
0 0.71953125 0.928125 0.1171875 0.121875
