0 0.525 0.18671875 0.159375 0.2015625
0 0.6765625 0.28828125 0.128125 0.2234375
0 0.275 0.303125 0.140625 0.175
0 0.471875 0.3453125 0.1125 0.11875
0 0.40546875 0.42890625 0.1171875 0.1296875
0 0.55 0.46171875 0.115625 0.1359375
0 0.77109375 0.4953125 0.0859375 0.153125
0 0.84375 0.5375 0.071875 0.14375
0 0.22578125 0.62734375 0.1421875 0.2359375
0 0.5375 0.675 0.121875 0.175
0 0.65703125 0.8203125 0.0859375 0.18125
0 0.18046875 0.82734375 0.1296875 0.1578125
0 0.76328125 0.8390625 0.1171875 0.2
