1 0.26015625 0.1390625 0.1359375 0.221875
1 0.1828125 0.3453125 0.1125 0.165625
1 0.7234375 0.3578125 0.1 0.10625
1 0.37890625 0.3671875 0.1140625 0.134375
1 0.48359375 0.3796875 0.1296875 0.146875
1 0.86953125 0.4234375 0.1234375 0.16875
1 0.72109375 0.43671875 0.1078125 0.0953125
1 0.4203125 0.45859375 0.1 0.1140625
1 0.61640625 0.46171875 0.1359375 0.1734375
1 0.58828125 0.553125 0.1703125 0.1875
1 0.45234375 0.63828125 0.1234375 0.1203125
1 0.86640625 0.8421875 0.1015625 0.146875
4 0.7359375 0.90234375 0.109375 0.1953125
1 0.6109375 0.921875 0.20625 0.15625
