0 0.37109375 0.1515625 0.1140625 0.153125
0 0.96796875 0.16171875 0.0640625 0.1921875
0 0.690625 0.1625 0.10625 0.165625
0 0.68671875 0.16796875 0.0984375 0.1921875
0 0.2625 0.28359375 0.103125 0.1421875
0 0.3875 0.340625 0.125 0.134375
0 0.26484375 0.40546875 0.1171875 0.1109375
0 0.6265625 0.52890625 0.11875 0.2015625
0 0.77734375 0.57578125 0.0671875 0.1734375
0 0.4484375 0.5765625 0.0875 0.1375
0 0.234375 0.59296875 0.175 0.2359375
0 0.3296875 0.771875 0.109375 0.15
0 0.3953125 0.91328125 0.1125 0.1421875
