0 0.04296875 0.134375 0.0859375 0.18125
3 0.9203125 0.1578125 0.153125 0.284375
0 0.4421875 0.17265625 0.109375 0.1234375
0 0.7921875 0.178125 0.121875 0.146875
0 0.6671875 0.2390625 0.153125 0.1125
0 0.3140625 0.275 0.125 0.14375
0 0.19375 0.290625 0.09375 0.140625
0 0.4359375 0.30078125 0.078125 0.1296875
1 0.1421875 0.3453125 0.096875 0.11875
0 0.85859375 0.3453125 0.1359375 0.10625
0 0.6765625 0.3453125 0.159375 0.1125
0 0.35 0.37734375 0.103125 0.0953125
0 0.83515625 0.4234375 0.1109375 0.13125
0 0.22734375 0.4296875 0.1046875 0.134375
0 0.67578125 0.4421875 0.1203125 0.125
0 0.39296875 0.475 0.1171875 0.109375
0 0.5109375 0.475 0.103125 0.13125
0 0.62578125 0.5328125 0.1171875 0.1
0 0.91015625 0.553125 0.0921875 0.13125
0 0.7359375 0.56328125 0.109375 0.1265625
0 0.32890625 0.5859375 0.1390625 0.19375
0 0.51484375 0.59453125 0.1109375 0.1109375
0 0.46015625 0.0609375 0.1078125 0.121875
0 0.634375 0.6421875 0.109375 0.134375
3 0.790625 0.6703125 0.234375 0.165625
0 0.89921875 0.76171875 0.0859375 0.1359375
3 0.446875 0.77734375 0.15625 0.2390625
3 0.60859375 0.80546875 0.1484375 0.2109375
3 0.771875 0.88671875 0.221875 0.1765625
3 0.67890625 0.09765625 0.1453125 0.1234375
0 0.28203125 0.11328125 0.0890625 0.1265625
1 0.5671875 0.11484375 0.0875 0.1390625
3 0.14296875 0.11953125 0.2171875 0.2390625
