0 0.94609375 0.30703125 0.1078125 0.1703125
0 0.29296875 0.334375 0.1359375 0.175
3 0.87734375 0.39609375 0.2015625 0.2578125
0 0.36796875 0.4828125 0.1234375 0.121875
0 0.6375 0.51328125 0.096875 0.1703125
0 0.72890625 0.51328125 0.0984375 0.1421875
0 0.52890625 0.56953125 0.1265625 0.1234375
0 0.9703125 0.60703125 0.059375 0.2046875
0 0.36171875 0.64140625 0.1140625 0.2015625
0 0.24140625 0.66015625 0.1234375 0.1265625
0 0.5625 0.69765625 0.209375 0.1640625
0 0.74921875 0.7078125 0.1265625 0.125
0 0.19921875 0.71484375 0.1171875 0.1265625
0 0.44765625 0.76171875 0.1078125 0.1203125
0 0.23828125 0.85546875 0.1265625 0.1546875
0 0.44453125 0.87109375 0.1265625 0.1109375
0 0.209375 0.959375 0.15625 0.08125
