1 0.63203125 0.178125 0.1078125 0.090625
1 0.10859375 0.18515625 0.0890625 0.0890625
1 0.4765625 0.196875 0.084375 0.13125
1 0.18828125 0.1984375 0.0859375 0.109375
1 0.0328125 0.20078125 0.065625 0.1765625
1 0.39765625 0.20078125 0.0671875 0.1109375
1 0.315625 0.2375 0.0875 0.13125
7 0.32734375 0.25625 0.0703125 0.078125
1 0.715625 0.2578125 0.071875 0.103125
1 0.571875 0.0265625 0.125 0.053125
1 0.653125 0.2625 0.071875 0.153125
1 0.14296875 0.2671875 0.0859375 0.10625
1 0.075 0.271875 0.075 0.096875
1 0.4171875 0.29140625 0.103125 0.1015625
1 0.52890625 0.34609375 0.0953125 0.0953125
1 0.71328125 0.34921875 0.1046875 0.0984375
1 0.3453125 0.35 0.06875 0.103125
1 0.64296875 0.40390625 0.0671875 0.0953125
1 0.775 0.41015625 0.08125 0.1109375
1 0.8421875 0.45390625 0.1 0.1390625
1 0.66796875 0.48359375 0.0828125 0.0796875
1 0.56171875 0.6046875 0.0921875 0.121875
1 0.71796875 0.6078125 0.0984375 0.159375
1 0.0265625 0.06796875 0.053125 0.1359375
1 0.65546875 0.69375 0.1140625 0.165625
1 0.9234375 0.74921875 0.078125 0.1171875
1 0.834375 0.75546875 0.090625 0.1265625
1 0.98125 0.8078125 0.0375 0.128125
1 0.36640625 0.8359375 0.1015625 0.134375
1 0.0875 0.08515625 0.115625 0.1328125
1 0.6140625 0.08828125 0.096875 0.0953125
1 0.70625 0.89609375 0.115625 0.1265625
1 0.5484375 0.1265625 0.0875 0.121875
